0.00,25.66,47.83,54.02,15.09,35.99,29.57,51.64,56.08,78.90,29.29,58.83,43.20,85.10,60.07,4.15,63.04,23.66,23.63,59.04,81.74,71.78,15.62,48.82,53.70,12.21,20.14,50.80,34.51,54.37,60.08,50.63,13.05,49.22,86.52,38.71,55.13,61.72,69.16,41.92,42.31,73.54,26.93,24.54,77.93,67.29,39.52,76.04,35.05,58.13,19.12,89.10,35.06,25.09,63.76,56.18,45.46,8.14,26.96,14.62,25.16,35.08,65.50,76.89,62.64,75.63,5.59,56.48,46.00,93.90,54.79,24.16,27.20,45.66,84.37,29.04,64.16,69.80,80.19,75.94,61.00,70.81,79.38,28.54,27.41,38.31,28.07,68.46,38.74,65.33,23.32,104.03,19.02,24.26,58.74,65.71,54.86,12.80,65.83,78.63
25.66,0.00,37.84,32.40,37.67,24.36,4.45,26.82,34.10,60.20,5.89,57.28,17.60,61.01,39.33,24.10,38.27,7.23,43.43,39.72,56.74,55.19,36.57,25.37,51.90,36.75,26.19,25.51,31.52,28.79,35.67,45.67,18.39,61.35,63.21,38.64,32.10,44.17,53.05,28.60,23.43,47.89,45.10,1.29,54.18,75.57,17.07,73.85,22.39,32.73,8.55,74.56,39.73,22.55,56.85,44.06,21.04,20.31,31.30,28.16,48.05,18.22,49.87,51.31,42.10,60.69,25.21,32.42,22.21,78.26,58.82,33.97,11.54,20.07,64.86,4.78,73.92,65.22,59.19,58.35,38.07,46.63,55.20,23.25,28.07,12.87,2.58,43.02,25.32,42.52,36.79,83.95,15.22,43.43,41.39,64.00,37.93,38.34,43.08,66.26
47.83,37.84,0.00,63.04,48.00,13.63,39.91,35.34,26.80,35.23,42.59,23.00,38.32,53.50,25.30,43.77,40.72,31.77,46.18,21.44,55.55,26.27,63.40,54.55,18.68,51.00,60.58,48.45,14.82,47.51,37.20,10.79,34.99,43.90,51.78,16.61,29.61,19.55,23.43,65.74,18.74,57.14,44.42,38.60,46.40,49.09,50.50,37.36,60.04,52.11,43.75,41.47,23.68,22.74,19.10,8.65,31.98,39.85,24.64,36.27,72.50,20.05,19.74,63.48,26.25,28.48,42.93,58.07,29.81,46.59,30.73,67.71,26.59,42.89,41.32,41.23,49.73,27.96,40.40,31.12,31.99,42.83,49.31,60.73,21.75,41.48,36.74,49.30,12.63,34.12,35.55,60.40,29.98,71.96,17.31,28.59,14.55,57.89,69.69,30.82
54.02,32.40,63.04,0.00,68.23,51.83,28.08,31.69,44.57,70.50,26.71,85.34,24.83,56.94,50.64,54.03,37.16,39.17,75.08,53.62,48.66,69.82,58.42,8.50,80.28,66.18,42.02,16.23,61.73,20.00,37.55,72.98,50.43,93.59,61.77,69.04,40.70,59.70,68.76,19.03,44.43,33.77,77.13,32.81,52.86,106.81,15.36,100.39,22.23,18.26,35.35,89.38,71.34,54.23,81.50,66.16,31.98,51.25,63.35,60.22,69.39,44.09,66.84,32.59,52.95,76.72,55.58,9.15,34.42,91.14,89.25,47.56,41.73,20.45,72.85,27.65,105.58,90.78,64.95,70.88,44.40,45.55,51.85,31.07,59.75,22.24,31.39,34.77,51.17,47.64,69.14,88.39,47.59,61.72,57.93,91.47,56.03,65.07,12.09,84.70
15.09,37.67,48.00,68.23,0.00,39.25,42.00,61.17,62.88,82.14,42.35,52.84,54.32,92.84,65.71,14.20,72.14,33.39,9.15,63.76,90.80,73.90,24.14,62.38,48.34,4.85,34.59,63.16,33.22,66.14,68.84,47.48,20.05,36.56,93.36,34.58,62.81,65.08,71.11,56.97,48.36,84.47,13.01,36.79,85.45,55.57,53.27,69.28,50.06,70.30,32.88,89.10,28.75,27.12,60.45,56.64,54.89,17.37,23.55,12.46,28.07,41.27,67.37,88.53,67.98,76.47,12.68,69.81,54.84,94.46,45.98,37.07,35.04,57.50,88.02,41.81,51.88,64.72,85.13,78.53,68.30,78.97,87.36,43.61,26.31,50.52,39.72,78.59,42.37,72.34,14.28,107.59,25.75,31.82,62.20,59.28,58.36,13.19,79.78,77.70
35.99,24.36,13.63,51.83,39.25,0.00,26.79,28.49,25.05,43.29,29.39,33.73,28.01,54.93,26.79,32.15,37.09,18.15,39.82,24.54,54.59,35.81,51.26,43.46,28.53,41.33,47.15,38.70,11.44,38.91,33.46,21.63,22.94,45.99,54.72,18.21,26.17,26.08,33.18,52.63,11.21,52.41,39.19,25.07,47.49,55.90,38.20,49.75,46.70,43.68,30.14,53.42,22.87,12.13,32.49,20.91,23.39,27.85,18.65,26.82,61.11,7.76,29.51,58.07,28.89,39.76,31.67,48.11,21.87,58.01,37.80,54.42,12.99,32.64,49.01,28.02,55.39,40.90,45.89,40.07,30.73,41.97,49.83,47.11,14.39,29.67,23.46,45.09,3.15,34.27,29.48,68.67,17.23,59.65,23.14,40.18,19.26,47.21,59.84,43.64
29.57,4.45,39.91,28.08,42.00,26.79,0.00,24.28,32.96,59.72,2.74,60.23,14.28,58.54,38.54,28.29,35.58,11.16,47.87,39.42,53.75,55.36,39.48,20.93,54.91,40.93,27.59,21.30,34.92,24.82,33.25,48.37,22.84,65.55,61.10,42.15,30.53,44.29,53.39,25.86,23.97,44.18,49.55,5.21,51.92,79.42,12.82,76.53,20.23,28.59,11.23,75.00,43.65,26.44,59.01,45.52,19.00,24.63,35.39,32.61,51.06,19.90,50.38,47.32,41.32,61.19,29.47,27.98,20.57,78.41,62.40,35.33,14.59,16.13,64.08,1.47,77.90,67.65,57.99,58.21,36.41,44.23,52.71,22.76,31.99,8.73,3.51,39.71,27.29,40.84,41.20,82.86,19.52,45.87,41.63,66.85,38.39,42.12,38.64,67.26
51.64,26.82,35.34,31.69,61.17,28.49,24.28,0.00,12.88,39.50,26.18,58.33,10.74,34.27,18.98,49.26,11.46,28.19,64.64,21.98,30.11,38.14,63.39,23.87,53.93,61.44,51.75,15.47,39.93,12.80,8.98,46.09,41.22,74.48,36.92,46.52,9.03,28.10,37.09,42.33,17.64,24.19,65.05,28.10,27.67,83.53,25.33,71.48,39.67,17.05,35.20,57.79,51.31,37.12,52.06,36.20,6.29,44.87,45.88,49.49,74.87,22.01,35.28,29.59,21.39,45.03,49.87,24.47,6.78,59.85,65.13,59.42,26.20,12.62,42.67,25.51,83.45,61.52,35.51,39.41,13.60,19.95,28.44,45.29,41.53,17.62,24.24,17.51,26.31,17.67,55.44,60.21,35.45,70.09,26.53,63.61,25.17,64.43,35.43,53.12
56.08,34.10,26.80,44.57,62.88,25.05,32.96,12.88,0.00,27.32,35.38,49.04,22.07,30.06,6.18,52.98,14.00,32.75,64.57,9.21,29.71,25.26,69.62,36.70,45.27,64.12,60.24,28.35,35.68,25.32,10.65,37.43,44.00,69.47,30.59,41.07,3.95,15.37,24.22,54.32,14.55,30.50,64.17,35.37,22.63,75.89,37.18,60.57,50.89,29.10,42.59,44.97,47.06,36.35,41.09,25.30,14.66,48.42,43.70,50.52,80.69,21.64,22.58,37.02,8.78,32.15,53.14,37.17,12.58,47.27,57.53,68.02,28.90,25.08,31.23,34.37,76.47,50.51,25.10,26.75,5.69,16.97,24.81,55.42,39.43,28.48,31.68,22.61,22.06,9.46,54.42,49.93,37.76,77.10,14.18,53.57,13.79,68.56,47.74,40.34
78.90,60.20,35.23,70.50,82.14,43.29,59.72,39.50,27.32,0.00,62.27,48.15,49.36,28.42,21.31,75.23,34.09,57.28,81.22,20.50,35.79,9.66,93.67,63.18,47.17,84.54,86.31,54.45,49.69,50.53,33.02,41.40,65.95,76.82,23.54,51.63,30.68,17.22,12.32,81.59,37.34,46.67,79.61,61.40,24.66,76.31,64.45,51.74,78.20,53.22,68.40,20.24,58.78,55.28,35.84,27.31,41.98,70.80,59.45,69.87,104.05,44.19,15.69,53.23,18.57,13.37,74.89,62.22,39.82,20.76,60.13,94.06,52.51,52.08,6.13,61.17,78.58,42.82,9.79,4.81,26.14,27.99,27.88,82.42,56.00,55.80,57.98,40.10,40.33,22.98,70.56,25.45,59.88,101.71,20.19,49.24,24.08,90.47,71.31,22.19
29.29,5.89,42.59,26.71,42.35,29.39,2.74,26.18,35.38,62.27,0.00,62.72,15.82,60.35,41.05,28.39,37.32,13.08,48.63,42.02,55.25,58.03,38.23,20.08,57.37,40.97,25.56,21.60,37.21,25.51,35.17,50.92,23.76,67.21,63.09,44.39,32.82,46.96,56.08,23.25,26.70,45.08,50.50,6.11,53.86,81.44,11.35,79.10,17.51,28.96,10.35,77.69,45.61,28.43,61.68,48.25,21.19,25.03,37.19,33.56,49.84,22.60,53.09,47.87,43.82,63.89,29.71,27.46,22.90,81.06,64.61,33.24,16.97,16.98,66.56,1.36,79.81,70.27,60.35,60.83,38.65,46.10,54.53,20.16,33.96,9.54,5.93,41.00,29.97,43.06,42.44,85.24,21.05,44.28,44.32,69.37,41.11,41.61,37.69,70.00
58.83,57.28,23.00,85.34,52.84,33.73,60.23,58.33,49.04,48.15,62.72,0.00,60.89,72.42,46.27,54.75,63.04,50.32,47.12,42.00,76.15,38.61,73.93,76.88,5.43,57.16,75.80,71.25,26.30,70.48,59.65,12.41,48.11,31.03,69.40,20.32,52.19,37.84,36.25,85.87,41.54,79.54,43.78,57.74,65.94,28.38,71.93,17.29,79.58,75.10,61.27,44.02,24.28,36.56,12.72,24.44,54.88,52.13,31.88,44.51,80.59,41.34,33.80,86.03,46.41,36.23,53.27,80.85,52.76,50.14,12.59,81.93,45.78,65.52,53.94,61.37,30.43,12.17,56.20,43.35,53.75,63.84,69.14,78.55,32.21,63.32,56.80,71.64,34.16,55.05,38.57,70.04,45.32,82.52,36.83,6.96,35.55,65.35,92.53,31.98
43.20,17.60,38.32,24.83,54.32,28.01,14.28,10.74,22.07,49.36,15.82,60.89,0.00,44.59,28.20,41.37,21.54,20.99,58.98,30.33,39.48,46.83,53.76,16.34,55.98,53.91,41.30,10.74,38.82,12.09,19.60,48.49,34.34,72.55,47.54,45.98,18.74,36.11,45.38,32.25,19.63,30.37,59.99,18.79,38.24,83.85,15.11,75.61,29.09,16.67,25.49,66.70,49.48,33.34,56.68,41.40,7.67,37.26,42.62,43.52,65.34,20.32,43.02,34.22,30.85,53.40,42.27,20.11,10.09,69.27,65.80,48.90,20.88,4.64,52.94,15.33,83.13,65.97,46.05,48.74,24.07,30.43,38.77,34.55,38.50,6.88,15.13,25.46,26.87,28.29,50.79,70.84,29.34,60.07,33.98,66.85,31.66,55.93,31.85,60.79
85.10,61.01,53.50,56.94,92.84,54.93,58.54,34.27,30.06,28.42,60.35,72.42,44.59,0.00,28.65,82.31,23.05,61.44,94.61,32.11,9.60,35.69,97.54,52.08,70.03,93.87,85.89,43.68,64.98,38.71,25.34,62.83,73.60,97.40,6.14,69.50,30.13,34.79,37.25,72.94,44.60,24.81,94.12,62.29,7.44,100.70,57.33,79.07,71.96,38.85,69.45,47.38,76.03,66.41,61.36,48.37,40.00,77.79,73.53,80.53,108.96,51.58,38.90,29.86,27.28,41.43,82.64,47.80,39.16,45.69,83.09,93.49,58.30,44.75,25.86,59.74,102.18,69.56,18.63,32.41,24.55,14.38,5.83,78.66,69.32,51.32,58.43,22.20,51.85,20.67,84.39,33.60,67.43,104.36,36.40,75.01,38.98,97.80,53.23,50.54
60.07,39.33,25.30,50.64,65.71,26.79,38.54,18.98,6.18,21.31,41.05,46.27,28.20,28.65,0.00,56.74,17.80,37.23,66.60,4.32,30.28,19.18,74.11,42.84,43.01,67.33,65.52,34.42,36.37,31.18,15.07,35.36,47.57,69.00,27.95,40.90,9.95,10.01,18.32,60.45,17.77,33.96,65.84,40.57,21.33,73.87,43.31,56.49,56.90,34.72,47.71,38.82,47.38,38.71,37.19,21.91,20.71,52.19,45.16,53.26,84.97,25.04,17.08,40.68,2.78,26.15,56.72,43.06,18.51,41.10,55.73,73.30,32.94,31.26,25.56,39.98,74.84,46.44,20.18,20.57,7.95,17.66,24.10,61.17,41.06,34.52,37.00,26.11,23.64,8.87,56.18,44.68,41.32,81.82,9.70,50.20,10.89,72.30,53.36,34.58
4.15,24.10,43.77,54.03,14.20,32.15,28.29,49.26,52.98,75.23,28.39,54.75,41.37,82.31,56.74,0.00,60.57,21.08,21.84,55.54,79.31,67.96,19.75,48.31,49.60,12.65,23.13,49.57,30.37,52.87,57.50,46.48,9.29,46.22,83.52,34.59,52.24,58.03,65.32,43.23,38.97,71.73,24.74,23.11,75.07,63.94,39.14,71.98,36.23,56.83,18.70,85.11,31.10,21.03,59.61,52.17,43.01,4.56,22.88,10.82,28.96,31.70,61.64,75.38,59.27,71.68,1.93,55.83,43.37,89.95,50.97,27.82,24.10,44.16,80.77,27.95,60.96,65.67,76.79,72.18,58.03,68.10,76.65,30.48,23.26,36.95,26.36,66.34,34.97,62.31,19.99,100.45,15.46,28.40,55.05,61.65,51.16,15.58,65.63,74.57
63.04,38.27,40.72,37.16,72.14,37.09,35.58,11.46,14.00,34.09,37.32,63.04,21.54,23.05,17.80,60.57,0.00,39.49,75.10,22.01,18.75,35.55,74.82,30.77,59.26,72.62,62.84,21.94,48.32,17.32,3.64,51.40,52.32,82.64,26.30,54.26,11.25,27.77,35.35,51.04,25.89,16.50,75.23,39.54,16.95,89.80,34.73,74.18,49.38,19.27,46.61,53.88,59.81,47.10,54.78,39.14,17.58,56.14,55.38,60.22,86.32,31.76,34.68,23.07,19.01,42.66,61.11,28.46,17.31,54.84,71.41,70.44,37.10,21.93,35.83,36.74,90.26,64.12,27.81,35.35,9.86,9.09,17.23,55.74,51.01,28.28,35.69,8.61,34.41,11.27,65.51,51.49,46.39,81.44,27.38,67.48,27.65,75.82,37.23,51.61
23.66,7.23,31.77,39.17,33.39,18.15,11.16,28.19,32.75,57.28,13.08,50.32,20.99,61.44,37.23,21.08,39.49,0.00,38.09,36.86,58.24,51.36,36.91,31.72,44.91,33.30,29.64,30.47,24.38,32.97,36.46,38.94,13.36,54.42,62.97,31.45,31.54,40.57,49.02,35.68,19.93,51.09,39.34,7.46,54.29,68.37,23.98,67.06,29.26,37.32,12.07,70.21,32.55,15.35,50.54,38.64,21.94,16.68,24.23,22.62,47.95,13.39,45.62,55.20,39.92,56.34,21.69,38.31,22.35,74.29,51.60,37.20,5.26,24.49,62.34,11.87,66.77,58.66,57.41,54.94,37.45,47.15,55.72,28.98,20.88,18.17,7.78,45.38,19.65,41.83,30.53,81.80,8.68,44.60,37.66,57.10,33.95,36.40,49.39,61.22
23.63,43.43,46.18,75.08,9.15,39.82,47.87,64.64,64.57,81.22,48.63,47.12,58.98,94.61,66.60,21.84,75.10,38.09,0.00,64.13,93.48,72.45,33.13,68.68,43.14,13.82,43.52,68.51,31.53,71.03,71.64,43.65,25.05,27.70,94.54,30.93,65.04,64.59,69.61,65.06,50.08,88.53,4.07,42.73,87.17,46.91,59.85,62.81,58.07,75.41,39.91,86.14,24.17,28.24,56.10,54.64,58.44,23.88,21.82,15.48,35.83,43.44,65.91,93.06,68.64,74.20,20.02,75.85,58.03,91.76,38.85,46.21,38.58,62.58,87.25,47.91,43.04,59.24,85.22,77.27,70.17,81.21,89.35,52.10,25.63,56.01,45.19,82.14,42.96,73.94,10.67,106.54,29.65,40.51,61.84,53.16,58.16,21.75,86.31,74.35
59.04,39.72,21.44,53.62,63.76,24.54,39.42,21.98,9.21,20.50,42.02,42.00,30.33,32.11,4.32,55.54,22.01,36.86,64.13,0.00,34.36,16.51,73.49,45.61,38.84,65.65,65.82,37.44,33.35,34.53,19.12,31.26,46.28,65.30,30.83,37.43,13.16,6.16,15.17,62.39,16.95,38.25,63.16,40.92,24.96,69.71,45.32,52.21,58.45,38.30,47.89,36.39,44.09,36.64,32.88,17.61,22.67,51.03,42.47,51.31,84.11,24.01,13.36,44.95,4.83,23.17,55.38,46.37,20.31,39.20,51.64,73.56,32.22,33.77,25.49,40.88,70.76,42.16,21.40,18.82,12.19,21.86,27.89,62.17,38.50,36.28,37.53,30.39,21.40,13.06,53.60,45.06,40.09,81.41,5.39,45.89,6.89,71.00,56.94,31.15
81.74,56.74,55.55,48.66,90.80,54.59,53.75,30.11,29.71,35.79,55.25,76.15,39.48,9.60,30.28,79.31,18.75,58.24,93.48,34.36,0.00,41.69,93.20,44.57,73.18,91.35,80.47,36.66,65.39,31.69,21.96,65.61,71.04,99.00,15.66,70.67,28.52,38.39,42.75,65.53,43.61,15.54,93.40,57.99,11.23,104.06,50.76,84.48,65.21,31.00,64.92,55.55,76.76,65.31,65.96,51.72,36.31,74.88,73.18,78.78,104.75,50.04,43.70,20.28,29.77,48.07,79.86,39.54,36.03,54.40,86.00,87.89,55.79,38.78,34.25,54.81,105.11,74.68,26.32,39.19,24.05,12.80,7.92,72.44,68.85,45.86,54.17,14.73,51.68,21.43,83.65,43.20,65.08,99.53,39.35,79.46,41.16,94.54,44.08,57.37
71.78,55.19,26.27,69.82,73.90,35.81,55.36,38.14,25.26,9.66,58.03,38.61,46.83,35.69,19.18,67.96,35.55,51.36,72.45,16.51,41.69,0.00,86.91,61.95,37.52,76.57,80.89,53.59,40.99,50.31,33.54,31.80,58.73,67.18,31.65,42.38,29.12,11.07,2.84,78.86,31.78,50.22,70.65,56.32,30.52,66.86,61.82,43.39,74.77,53.69,63.00,19.88,49.55,47.44,26.49,17.99,39.18,63.65,50.82,61.81,96.91,37.99,6.55,56.98,17.02,7.12,67.45,62.20,36.81,23.07,50.49,88.53,46.32,50.22,15.70,56.83,69.03,34.03,17.91,5.01,26.17,31.64,33.88,78.09,47.61,52.74,53.18,42.89,33.06,24.43,61.80,34.17,52.87,95.17,13.81,40.05,17.41,82.90,72.26,16.21
15.62,36.57,63.40,58.42,24.14,51.26,39.48,63.39,69.62,93.67,38.23,73.93,53.76,97.54,74.11,19.75,74.82,36.91,33.13,73.49,93.20,86.91,0.00,55.22,68.91,19.33,16.80,59.34,50.11,63.60,72.22,66.16,28.45,60.70,99.54,54.03,68.16,76.60,84.35,42.33,56.56,83.25,37.11,35.29,90.63,79.65,46.07,91.01,36.66,66.66,28.28,104.57,49.82,40.68,79.31,71.69,57.54,23.56,42.21,29.42,11.60,49.51,80.73,85.63,76.77,91.00,20.91,63.01,58.51,109.26,68.89,14.97,41.27,55.20,98.96,38.50,76.02,85.14,94.29,90.93,74.13,83.16,91.74,28.09,42.96,47.77,39.14,79.17,53.88,78.56,36.67,118.54,34.06,8.66,73.63,80.73,69.78,11.82,70.50,94.21
48.82,25.37,54.55,8.50,62.38,43.46,20.93,23.87,36.70,63.18,20.08,76.88,16.34,52.08,42.84,48.31,30.77,31.72,68.68,45.61,44.57,61.95,55.22,0.00,71.85,60.78,39.65,8.87,53.56,13.53,30.60,64.52,43.72,85.95,56.42,60.85,32.90,51.62,60.77,20.96,35.93,30.86,70.46,25.97,47.23,98.71,9.35,91.89,21.39,13.66,29.74,81.65,63.44,46.45,73.02,57.72,23.61,45.10,55.67,53.51,66.59,35.71,58.71,31.43,45.26,68.77,49.71,7.80,26.06,83.67,81.01,46.13,33.82,12.06,65.91,20.78,97.60,82.29,58.25,63.27,37.05,39.60,46.66,29.65,51.93,14.08,23.99,30.01,42.72,40.60,62.10,82.26,40.32,59.59,49.75,82.99,47.72,60.58,17.71,76.57
53.70,51.90,18.68,80.28,48.34,28.53,54.91,53.93,45.27,47.17,57.37,5.43,55.98,70.03,43.01,49.60,59.26,44.91,43.14,38.84,73.18,37.52,68.91,71.85,0.00,52.53,70.44,66.44,20.87,65.87,55.79,7.89,42.77,30.07,67.40,15.04,48.23,35.25,34.96,80.50,36.83,75.73,40.02,52.34,63.31,30.87,66.70,22.64,74.18,70.54,55.84,45.40,19.60,31.15,13.75,21.67,50.19,46.86,26.74,39.51,75.86,36.21,32.10,82.12,43.43,36.13,48.16,76.02,48.15,51.43,13.13,76.64,40.42,60.62,53.14,56.03,32.15,16.40,54.60,42.43,50.23,60.67,66.43,73.12,26.87,58.19,51.46,67.86,29.15,51.87,34.08,70.18,39.90,77.53,33.88,12.36,32.15,60.62,87.72,33.24
12.21,36.75,51.00,66.18,4.85,41.33,40.93,61.44,64.12,84.54,40.97,57.16,53.91,93.87,67.33,12.65,72.62,33.30,13.82,65.65,91.35,76.57,19.33,60.78,52.53,0.00,30.64,62.22,36.40,65.50,69.43,51.24,20.33,41.38,94.70,38.42,63.75,67.37,73.81,53.92,49.73,84.25,17.78,35.75,86.54,60.42,51.53,73.76,47.14,69.47,31.05,92.35,32.94,29.26,64.32,59.64,55.16,16.67,27.00,14.77,23.49,42.51,70.08,88.00,69.71,79.47,11.65,68.36,55.32,97.59,50.66,32.60,35.64,56.79,90.32,40.57,56.71,68.93,87.05,81.09,69.40,79.82,88.30,40.21,29.27,49.60,38.98,78.69,44.39,73.56,18.66,109.96,26.44,26.97,64.45,63.69,60.57,8.41,77.93,81.13
20.14,26.19,60.58,42.02,34.59,47.15,27.59,51.75,60.24,86.31,25.56,75.80,41.30,85.89,65.52,23.13,62.84,29.64,43.52,65.82,80.47,80.89,16.80,39.65,70.44,30.64,0.00,44.92,49.84,49.55,60.73,65.96,27.72,69.29,88.64,55.51,58.04,69.98,78.61,25.53,49.18,69.12,46.99,24.96,79.42,87.05,30.93,93.07,19.97,52.01,17.93,99.85,53.30,39.50,78.55,68.01,46.58,24.19,44.53,33.79,27.39,43.01,75.24,70.78,68.29,85.98,25.04,47.33,48.08,103.88,73.48,7.78,34.84,41.72,91.04,26.28,84.09,85.77,85.34,84.29,63.96,71.66,80.06,11.29,43.59,34.66,28.56,65.96,49.08,68.40,43.13,110.14,31.00,19.93,67.12,82.76,63.49,26.04,54.05,90.70
50.80,25.51,48.45,16.23,63.16,38.70,21.30,15.47,28.35,54.45,21.60,71.25,10.74,43.68,34.42,49.57,21.94,30.47,68.51,37.44,36.66,53.59,59.34,8.87,66.44,62.22,44.92,0.00,49.55,4.99,21.74,58.84,43.53,83.19,47.80,56.72,24.47,43.54,52.56,29.30,29.74,24.20,69.81,26.47,38.55,94.57,14.25,85.52,28.54,7.37,31.94,73.16,60.17,43.82,66.33,50.70,16.56,45.82,53.13,53.06,70.91,31.05,50.70,26.33,36.74,60.50,50.72,9.62,18.88,75.02,76.49,51.97,31.20,6.24,57.08,21.76,93.87,75.72,49.39,54.69,28.31,30.84,38.14,36.01,49.08,12.64,23.45,21.94,37.42,31.77,60.85,73.42,39.10,64.62,41.86,77.04,40.16,63.20,21.28,68.56
34.51,31.52,14.82,61.73,33.22,11.44,34.92,39.93,35.68,49.69,37.21,26.30,38.82,64.98,36.37,30.37,48.32,24.38,31.53,33.35,65.39,40.99,50.11,53.56,20.87,36.40,49.84,49.55,0.00,50.11,44.68,16.26,22.48,34.55,64.16,7.31,37.24,33.17,38.17,60.06,22.56,63.82,30.07,31.84,57.60,45.17,47.30,43.43,53.57,54.88,34.98,55.96,11.49,10.35,29.28,23.44,34.74,26.98,9.83,21.79,58.50,18.59,34.44,69.51,38.07,43.25,29.25,58.78,33.29,61.25,27.57,56.34,20.35,43.38,55.72,35.91,44.32,35.95,53.97,45.77,41.36,52.64,60.16,52.25,7.25,39.51,31.41,56.44,13.91,44.53,20.87,75.03,19.05,58.76,30.51,33.22,26.97,43.59,70.46,44.79
54.37,28.79,47.51,20.00,66.14,38.91,24.82,12.80,25.32,50.53,25.51,70.48,12.09,38.71,31.18,52.87,17.32,32.97,71.03,34.53,31.69,50.31,63.60,13.53,65.87,65.50,49.55,4.99,50.11,0.00,17.55,58.12,46.27,84.25,42.92,57.11,21.38,40.69,49.48,34.24,29.06,19.66,72.08,29.85,33.71,94.75,19.13,84.11,33.52,4.77,35.82,69.64,61.08,45.30,64.74,48.93,15.72,48.93,54.53,55.56,75.20,31.52,47.89,22.52,33.32,57.33,53.90,11.88,17.73,71.22,76.48,56.71,32.95,8.72,52.86,25.49,94.30,74.19,45.01,51.07,24.50,26.07,33.21,40.88,50.34,16.10,26.52,16.96,37.27,27.64,62.88,68.79,41.40,69.13,39.26,76.00,37.96,66.93,22.63,65.66
60.08,35.67,37.20,37.55,68.84,33.46,33.25,8.98,10.65,33.02,35.17,59.65,19.60,25.34,15.07,57.50,3.64,36.46,71.64,19.12,21.96,33.54,72.22,30.60,55.79,69.43,60.73,21.74,44.68,17.55,0.00,47.92,49.11,79.00,27.96,50.63,7.65,25.08,33.10,50.30,22.26,19.94,71.71,36.95,18.69,86.27,33.60,71.12,48.16,20.31,44.11,52.40,56.17,43.58,51.67,35.93,14.71,53.03,51.79,56.84,83.66,28.25,32.13,26.39,16.65,40.65,57.98,29.21,14.13,53.74,67.86,68.40,33.84,20.70,35.35,34.49,86.68,61.05,27.66,33.80,7.38,10.98,19.53,54.11,47.43,26.46,33.09,12.11,30.77,10.08,61.98,51.97,43.12,79.02,24.42,64.21,24.41,72.85,38.75,49.41
50.63,45.67,10.79,72.98,47.48,21.63,48.37,46.09,37.43,41.40,50.92,12.41,48.49,62.83,35.36,46.48,51.40,38.94,43.65,31.26,65.61,31.80,66.16,64.52,7.89,51.24,65.96,58.84,16.26,58.12,47.92,0.00,38.74,35.49,60.50,12.91,40.35,28.09,29.08,74.16,29.14,67.86,41.08,46.24,55.97,38.55,59.77,28.18,68.06,62.77,50.38,42.63,19.50,26.49,13.18,14.66,42.49,43.22,24.35,37.21,74.06,29.11,25.86,74.24,35.93,31.66,45.26,68.44,40.40,48.41,20.38,72.57,34.13,53.11,47.49,49.57,39.51,19.87,48.13,36.80,42.45,53.02,59.02,67.67,23.22,51.05,44.99,60.00,21.82,44.23,33.63,65.44,34.99,74.82,26.48,18.57,24.47,58.94,80.12,30.72
13.05,18.39,34.99,50.43,20.05,22.94,22.84,41.22,44.00,65.95,23.76,48.11,34.34,73.60,47.57,9.29,52.32,13.36,25.05,46.28,71.04,58.73,28.45,43.72,42.77,20.33,27.72,43.53,22.48,46.27,49.11,38.74,0.00,44.78,74.58,27.80,43.47,48.74,56.11,42.80,29.82,64.43,26.75,17.75,66.29,60.92,35.09,65.40,35.78,50.54,16.29,76.12,25.89,12.43,51.68,43.24,34.93,4.92,16.97,9.80,38.18,22.54,52.45,68.56,50.06,62.60,9.16,50.80,35.01,80.86,46.11,33.91,15.32,37.70,71.49,22.95,58.55,58.37,67.57,62.92,49.18,59.50,67.99,32.08,15.90,30.98,20.14,58.58,25.71,53.39,18.95,91.17,6.25,36.97,45.77,55.07,41.88,24.74,61.40,65.80
49.22,61.35,43.90,93.59,36.56,45.99,65.55,74.48,69.47,76.82,67.21,31.03,72.55,97.40,69.00,46.22,82.64,54.42,27.70,65.30,99.00,67.18,60.70,85.95,30.07,41.38,69.29,83.19,34.55,84.25,79.00,35.49,44.78,0.00,95.58,28.41,71.44,63.13,64.51,87.57,57.07,98.34,23.65,61.14,90.25,19.37,78.37,41.76,80.55,88.99,61.06,75.01,23.21,39.54,43.40,50.04,69.16,46.24,30.28,36.05,63.22,52.84,61.35,104.06,70.13,66.20,44.30,91.99,67.81,81.12,18.68,73.05,52.24,76.95,82.88,66.13,15.35,42.12,83.56,72.16,75.02,86.20,93.10,76.21,34.14,71.99,62.20,90.89,48.37,77.68,26.38,100.24,46.16,68.20,61.14,34.43,58.43,49.45,103.45,62.91
86.52,63.21,51.78,61.77,93.36,54.72,61.10,36.92,30.59,23.54,63.09,69.40,47.54,6.14,27.95,83.52,26.30,62.97,94.54,30.83,15.66,31.65,99.54,56.42,67.40,94.70,88.64,47.80,64.16,42.92,27.96,60.50,74.58,95.58,0.00,68.13,31.43,32.47,33.51,77.10,45.01,30.52,93.79,64.50,9.35,97.77,61.02,74.96,75.68,43.54,71.74,41.77,74.89,66.54,57.87,45.87,42.21,78.96,73.10,80.95,110.82,52.20,35.61,35.84,26.09,36.84,83.71,52.66,41.05,39.80,80.52,96.33,59.42,48.23,20.28,62.37,99.51,65.68,13.87,27.87,25.52,17.22,9.94,81.98,69.01,54.39,60.66,27.06,51.58,21.20,84.14,27.69,68.35,106.65,34.47,71.52,37.48,99.08,58.73,45.73
38.71,38.64,16.61,69.04,34.58,18.21,42.15,46.52,41.07,51.63,44.39,20.32,45.98,69.50,40.90,34.59,54.26,31.45,30.93,37.43,70.67,42.38,54.03,60.85,15.04,38.42,55.51,56.72,7.31,57.11,50.63,12.91,27.80,28.41,68.13,0.00,43.05,36.13,39.55,67.08,28.93,70.11,28.61,38.90,62.23,37.91,54.58,37.61,60.49,61.88,41.58,55.20,7.17,16.67,25.90,24.39,41.59,31.83,11.83,24.73,61.44,25.68,35.97,75.98,42.25,43.46,33.20,66.00,40.00,60.84,20.28,61.62,27.60,50.57,57.75,43.10,37.20,31.11,57.01,47.34,46.65,57.87,64.97,58.74,11.93,46.81,38.64,62.57,20.22,49.44,20.75,76.53,25.40,62.67,33.78,27.27,30.66,46.25,77.70,43.46
55.13,32.10,29.61,40.70,62.81,26.17,30.53,9.03,3.95,30.68,32.82,52.19,18.74,30.13,9.95,52.24,11.25,31.54,65.04,13.16,28.52,29.12,68.16,32.90,48.23,63.75,58.04,24.47,37.24,21.38,7.65,40.35,43.47,71.44,31.43,43.05,0.00,19.32,28.14,50.92,15.10,27.54,64.89,33.39,22.84,78.64,33.79,64.18,47.77,25.17,40.64,48.75,48.71,36.83,44.69,28.83,11.70,47.70,44.69,50.58,79.40,21.65,26.52,33.88,12.38,36.05,52.53,33.23,9.96,50.88,60.23,65.81,28.18,21.44,34.22,31.91,79.04,54.13,27.57,30.41,5.98,16.20,24.56,52.67,40.35,25.36,29.60,19.75,23.37,10.43,55.14,52.46,37.31,75.42,18.06,56.94,17.37,67.76,43.80,44.28
61.72,44.17,19.55,59.70,65.08,26.08,44.29,28.10,15.37,17.22,46.96,37.84,36.11,34.79,10.01,58.03,27.77,40.57,64.59,6.16,38.39,11.07,76.60,51.62,35.25,67.37,69.98,43.54,33.17,40.69,25.08,28.09,48.74,63.13,32.47,36.13,19.32,0.00,9.29,67.95,20.80,43.74,63.24,45.31,28.12,65.99,50.98,46.82,63.74,44.45,52.06,30.84,43.12,38.11,27.75,13.58,28.44,53.61,42.77,52.75,86.88,27.28,7.21,50.50,9.05,17.30,57.67,52.52,26.02,34.13,48.30,77.66,35.63,39.72,22.95,45.76,67.39,36.81,20.91,14.39,17.91,26.44,31.31,67.02,39.12,41.82,42.13,35.96,23.11,17.86,53.94,42.60,42.71,84.73,2.98,41.12,6.86,73.25,63.10,25.02
69.16,53.05,23.43,68.76,71.11,33.18,53.39,37.09,24.22,12.32,56.08,36.25,45.38,37.25,18.32,65.32,35.35,49.02,69.61,15.17,42.75,2.84,84.35,60.77,34.96,73.81,78.61,52.56,38.17,49.48,33.10,29.08,56.11,64.51,33.51,39.55,28.14,9.29,0.00,77.24,29.63,50.49,67.81,54.16,31.70,64.58,60.26,41.88,72.97,53.03,60.75,21.62,46.72,44.73,24.37,15.16,37.71,61.03,48.00,59.05,94.28,35.63,3.74,57.27,16.45,8.02,64.78,61.36,35.30,25.27,47.99,86.22,43.93,48.92,18.42,54.85,66.63,32.31,19.99,7.80,25.73,32.14,35.05,76.06,44.81,51.10,51.10,42.99,30.48,24.46,58.97,37.01,50.30,92.65,11.76,38.01,15.14,80.20,71.66,16.31
41.92,28.60,65.74,19.03,56.97,52.63,25.86,42.33,54.32,81.59,23.25,85.87,32.25,72.94,60.45,43.23,51.04,35.68,65.06,62.39,65.53,78.86,42.33,20.96,80.50,53.92,25.53,29.30,60.06,34.24,50.30,74.16,42.80,87.57,77.10,67.08,50.92,67.95,77.24,0.00,48.92,51.54,67.86,28.22,67.82,103.23,17.14,102.34,7.06,34.57,26.54,98.74,67.46,50.62,84.85,70.98,39.78,41.81,58.65,51.88,52.49,45.69,74.60,51.24,63.10,85.23,45.06,26.92,42.10,101.49,87.09,29.68,40.10,29.75,85.00,24.61,101.16,93.51,77.77,80.97,55.94,60.06,67.44,14.30,55.99,26.14,29.18,50.95,53.12,59.92,61.51,102.27,42.33,44.19,65.59,92.57,62.80,50.91,30.21,92.05
42.31,23.43,18.74,44.43,48.36,11.21,23.97,17.64,14.55,37.34,26.70,41.54,19.63,44.60,17.77,38.97,25.89,19.93,50.08,16.95,43.61,31.78,56.56,35.93,36.83,49.73,49.18,29.74,22.56,29.06,22.26,29.14,29.82,57.07,45.01,28.93,15.10,20.80,29.63,48.92,0.00,41.27,49.82,24.54,37.18,65.95,32.70,55.98,43.99,33.75,31.26,51.16,34.03,21.85,37.12,22.22,13.36,34.42,29.60,35.98,67.28,7.28,26.48,47.06,20.32,37.30,38.97,39.35,11.38,54.84,47.58,56.88,15.30,24.17,42.44,25.42,65.81,46.36,37.88,35.11,20.09,31.16,39.28,46.50,25.25,23.43,21.51,33.89,8.72,24.00,40.06,61.98,23.56,64.46,17.98,47.32,14.51,54.53,51.00,43.32
73.54,47.89,57.14,33.77,84.47,52.41,44.18,24.19,30.50,46.67,45.08,79.54,30.37,24.81,33.96,71.73,16.50,51.09,88.53,38.25,15.54,50.22,83.25,30.86,75.73,84.25,69.12,24.20,63.82,19.66,19.94,67.86,64.43,98.34,30.52,70.11,27.54,43.74,50.49,51.54,41.27,0.00,89.11,49.03,23.26,106.18,38.36,90.45,52.15,17.34,55.32,66.92,75.27,61.28,71.12,55.59,30.18,67.58,70.07,73.21,94.85,46.19,50.34,6.79,34.73,57.19,72.60,24.84,30.97,66.78,87.76,76.15,49.95,28.11,46.67,44.96,106.52,80.40,38.31,49.02,26.07,18.76,20.97,60.04,65.72,35.57,45.47,7.91,49.98,26.10,79.56,58.19,59.02,88.77,43.64,83.95,44.12,86.22,28.53,66.43
26.93,45.10,44.42,77.13,13.01,39.19,49.55,65.05,64.17,79.61,50.50,43.78,59.99,94.12,65.84,24.74,75.23,39.34,4.07,63.16,93.40,70.65,37.11,70.46,40.02,17.78,46.99,69.81,30.07,72.08,71.71,41.08,26.75,23.65,93.79,28.61,64.89,63.24,67.81,67.86,49.82,89.11,0.00,44.50,86.68,42.84,61.81,59.17,60.83,76.56,42.24,83.69,21.61,28.13,53.22,52.73,58.94,26.24,20.69,16.95,39.88,43.46,64.15,93.86,67.76,72.06,22.86,77.46,58.36,89.40,35.07,49.96,39.30,63.78,85.69,49.70,39.00,55.94,84.02,75.54,69.82,80.97,88.98,55.20,24.81,57.45,46.70,82.51,42.29,73.46,9.76,104.81,30.73,44.56,60.56,49.66,56.97,25.80,88.15,71.79
24.54,1.29,38.60,32.81,36.79,25.07,5.21,28.10,35.37,61.40,6.11,57.74,18.79,62.29,40.57,23.11,39.54,7.46,42.73,40.92,57.99,56.32,35.29,25.97,52.34,35.75,24.96,26.47,31.84,29.85,36.95,46.24,17.75,61.14,64.50,38.90,33.39,45.31,54.16,28.22,24.54,49.03,44.50,0.00,55.47,75.61,17.44,74.40,21.85,33.73,7.26,75.64,39.75,22.63,57.56,44.96,22.33,19.42,31.22,27.55,46.79,19.15,50.95,52.37,43.34,61.76,24.26,33.14,23.50,79.38,59.01,32.73,12.14,21.13,66.09,5.20,73.88,65.86,60.45,59.52,39.35,47.92,56.48,22.31,28.12,13.85,3.86,44.23,26.15,43.81,36.34,85.21,14.98,42.14,42.51,64.49,39.02,37.19,43.65,67.24
77.93,54.18,46.40,52.86,85.45,47.49,51.92,27.67,22.63,24.66,53.86,65.94,38.24,7.44,21.33,75.07,16.95,54.29,87.17,24.96,11.23,30.52,90.63,47.23,63.31,86.54,79.42,38.55,57.60,33.71,18.69,55.97,66.29,90.25,9.35,62.23,22.84,28.12,31.70,67.82,37.18,23.26,86.68,55.47,0.00,94.11,51.68,73.54,66.33,34.60,62.67,44.63,68.70,58.97,55.30,41.67,33.14,70.54,66.10,73.13,101.98,44.18,32.88,29.36,20.15,36.84,75.36,43.80,32.13,43.88,76.30,87.09,51.02,38.88,23.66,53.17,95.43,63.82,15.44,27.96,17.16,7.87,3.36,72.65,61.88,45.07,51.61,18.47,44.41,13.23,76.95,35.72,60.11,97.60,29.49,68.90,31.85,90.59,50.61,46.14
67.29,75.57,49.09,106.81,55.57,55.90,79.42,83.53,75.89,76.31,81.44,28.38,83.85,100.70,73.87,63.94,89.80,68.37,46.91,69.71,104.06,66.86,79.65,98.71,30.87,60.42,87.05,94.57,45.17,94.75,86.27,38.55,60.92,19.37,97.77,37.91,78.64,65.99,64.58,103.23,65.95,106.18,42.84,75.61,94.11,0.00,92.10,30.27,96.34,99.50,76.80,69.41,35.86,53.02,40.48,52.44,79.08,63.24,44.58,53.29,82.57,63.53,62.18,112.43,74.30,63.88,62.06,103.90,77.30,75.49,18.44,91.39,65.13,88.46,81.96,80.23,4.97,35.09,84.55,71.50,80.99,91.54,97.26,92.97,47.50,84.64,75.93,98.37,57.49,82.74,43.99,96.96,60.93,87.35,64.74,27.54,63.00,68.61,115.60,58.13
39.52,17.07,50.50,15.36,53.27,38.20,12.82,25.33,37.18,64.45,11.35,71.93,15.11,57.33,43.31,39.14,34.73,23.98,59.85,45.32,50.76,61.82,46.07,9.35,66.70,51.53,30.93,14.25,47.30,19.13,33.60,59.77,35.09,78.37,61.02,54.58,33.79,50.98,60.26,17.14,32.70,38.36,61.81,17.44,51.68,92.10,0.00,87.71,14.66,21.12,20.48,81.70,56.40,39.21,69.47,54.92,22.67,36.10,48.21,44.89,57.52,30.68,57.74,39.86,45.96,68.28,40.59,17.12,25.02,84.37,74.86,37.80,27.00,12.90,67.93,12.30,90.66,78.46,60.83,63.84,38.91,43.82,51.65,21.76,44.76,9.31,16.24,36.04,38.08,42.98,53.78,85.47,32.28,50.79,48.70,78.35,46.08,51.24,26.52,75.35
76.04,73.85,37.36,100.39,69.28,49.75,76.53,71.48,60.57,51.74,79.10,17.29,75.61,79.07,56.49,71.98,74.18,67.06,62.81,52.21,84.48,43.39,91.01,91.89,22.64,73.76,93.07,85.52,43.43,84.11,71.12,28.18,65.40,41.76,74.96,37.61,64.18,46.82,41.88,102.34,55.98,90.45,59.17,74.40,73.54,30.27,87.71,0.00,96.23,88.52,78.28,40.58,41.20,53.75,19.49,35.38,68.96,69.42,49.11,61.62,97.25,57.05,40.81,97.17,55.87,38.40,70.47,95.12,66.66,46.45,24.35,99.23,62.31,80.14,56.58,77.74,34.42,10.07,61.11,47.16,64.41,73.14,76.88,95.59,49.50,78.80,73.16,82.60,49.64,64.67,55.10,68.93,62.48,99.56,46.82,10.35,46.82,82.06,106.60,30.63
35.05,22.39,60.04,22.23,50.06,46.70,20.23,39.67,50.89,78.20,17.51,79.58,29.09,71.96,56.90,36.23,49.38,29.26,58.07,58.45,65.21,74.77,36.66,21.39,74.18,47.14,19.97,28.54,53.57,33.52,48.16,68.06,35.78,80.55,75.68,60.49,47.77,63.74,72.97,7.06,43.99,52.15,60.83,21.85,66.33,96.34,14.66,96.23,0.00,34.82,19.57,94.58,60.63,43.94,79.11,65.74,36.23,34.76,51.78,44.82,47.34,40.09,70.15,52.76,59.63,80.89,38.05,28.54,38.39,97.65,80.39,25.36,33.92,27.50,81.99,18.86,94.20,87.59,75.13,77.21,53.15,58.47,66.29,8.84,49.24,22.42,23.31,50.48,47.43,57.33,54.46,99.88,35.52,39.51,61.24,86.34,58.21,44.53,34.17,87.31
58.13,32.73,52.11,18.26,70.30,43.68,28.59,17.05,29.10,53.22,28.96,75.10,16.67,38.85,34.72,56.83,19.27,37.32,75.41,38.30,31.00,53.69,66.66,13.66,70.54,69.47,52.01,7.37,54.88,4.77,20.31,62.77,50.54,88.99,43.54,61.88,25.17,44.45,53.03,34.57,33.75,17.34,76.56,33.73,34.60,99.50,21.12,88.52,34.82,0.00,39.31,72.71,65.83,49.97,69.11,53.25,20.45,53.00,59.23,59.94,78.21,36.29,51.65,18.98,36.67,60.76,57.93,9.26,22.39,73.97,81.23,58.92,37.55,12.84,55.10,29.10,99.07,78.57,47.03,54.11,27.58,27.34,33.64,42.72,55.06,19.88,30.58,16.64,42.02,30.24,67.43,70.16,45.85,71.80,43.20,80.55,42.13,70.56,18.65,69.29
19.12,8.55,43.75,35.35,32.88,30.14,11.23,35.20,42.59,68.40,10.35,61.27,25.49,69.45,47.71,18.70,46.61,12.07,39.91,47.89,64.92,63.00,28.28,29.74,55.84,31.05,17.93,31.94,34.98,35.82,44.11,50.38,16.29,61.06,71.74,41.58,40.64,52.06,60.75,26.54,31.26,55.32,42.24,7.26,62.67,76.80,20.48,78.28,19.57,39.31,0.00,82.09,41.19,24.91,62.35,50.71,29.54,16.04,32.29,25.67,39.85,25.25,57.43,58.22,50.47,68.20,20.23,37.37,30.76,86.02,61.14,25.67,17.33,27.21,73.18,10.36,74.64,70.22,67.66,66.36,46.61,55.09,63.63,17.31,29.99,19.75,11.08,50.93,31.72,51.07,35.16,92.38,16.23,34.93,49.21,68.16,45.62,31.27,46.94,73.26
89.10,74.56,41.47,89.38,89.10,53.42,75.00,57.79,44.97,20.24,77.69,44.02,66.70,47.38,38.82,85.11,53.88,70.21,86.14,36.39,55.55,19.88,104.57,81.65,45.40,92.35,99.85,73.16,55.96,69.64,52.40,42.63,76.12,75.01,41.77,55.20,48.75,30.84,21.62,98.74,51.16,66.92,83.69,75.64,44.63,69.41,81.70,40.58,94.58,72.71,82.09,0.00,62.09,64.11,31.70,32.95,59.06,81.03,65.55,77.68,113.95,56.85,24.69,73.47,36.43,13.88,84.35,81.49,56.69,6.14,56.58,107.38,65.03,70.02,21.52,76.46,72.74,34.37,29.24,18.60,45.17,48.23,47.73,97.65,63.11,72.61,72.67,60.27,51.05,42.63,75.84,28.50,70.63,113.03,33.38,42.16,36.65,99.36,91.07,12.15
35.06,39.73,23.68,71.34,28.75,22.87,43.65,51.31,47.06,58.78,45.61,24.28,49.48,76.03,47.38,31.10,59.81,32.55,24.17,44.09,76.76,49.55,49.82,63.44,19.60,32.94,53.30,60.17,11.49,61.08,56.17,19.50,25.89,23.21,74.89,7.17,48.71,43.12,46.72,67.46,34.03,75.27,21.61,39.75,68.70,35.86,56.40,41.20,60.63,65.83,41.19,62.09,0.00,17.21,32.00,31.56,45.94,29.13,8.96,20.50,56.32,29.63,43.14,80.90,48.89,50.56,29.48,69.15,44.61,67.80,20.22,58.80,29.63,53.94,64.90,44.41,34.26,36.00,64.02,54.51,52.71,63.99,71.35,57.85,11.66,49.37,40.18,67.92,25.40,55.75,14.52,83.70,25.13,58.36,40.68,30.96,37.43,41.08,80.72,50.22
25.09,22.55,22.74,54.23,27.12,12.13,26.44,37.12,36.35,55.28,28.43,36.56,33.34,66.41,38.71,21.03,47.10,15.35,28.24,36.64,65.31,47.44,40.68,46.45,31.15,29.26,39.50,43.82,10.35,45.30,43.58,26.49,12.43,39.54,66.54,16.67,36.83,38.11,44.73,50.62,21.85,61.28,28.13,22.63,58.97,53.02,39.21,53.75,43.94,49.97,24.91,64.11,17.21,0.00,39.31,31.17,31.15,17.18,9.31,14.69,49.84,15.34,41.01,66.34,40.92,50.80,20.24,52.47,30.36,69.05,36.47,46.09,12.71,37.59,61.06,27.21,51.46,46.27,58.01,51.88,41.94,52.97,61.12,42.09,5.55,32.46,22.98,54.49,15.25,45.76,18.41,80.70,8.77,49.27,35.19,43.50,31.33,35.48,63.91,53.54
63.76,56.85,19.10,81.50,60.45,32.49,59.01,52.06,41.09,35.84,61.68,12.72,56.68,61.36,37.19,59.61,54.78,50.54,56.10,32.88,65.96,26.49,79.31,73.02,13.75,64.32,78.55,66.33,29.28,64.74,51.67,13.18,51.68,43.40,57.87,25.90,44.69,27.75,24.37,84.85,37.12,71.12,53.22,57.56,55.30,40.48,69.47,19.49,79.11,69.11,62.35,31.70,32.00,39.31,0.00,15.89,49.79,56.25,37.51,50.39,87.23,39.15,22.47,77.81,36.75,23.56,58.41,75.90,47.45,37.77,25.26,85.35,45.46,61.12,41.49,60.32,42.93,9.47,44.34,31.04,45.05,54.19,58.60,79.51,36.36,60.35,55.81,63.25,31.73,45.57,46.43,57.32,47.55,87.98,27.49,13.66,27.33,72.09,87.30,19.56
56.18,44.06,8.65,66.16,56.64,20.91,45.52,36.20,25.30,27.31,48.25,24.44,41.40,48.37,21.91,52.17,39.14,38.64,54.64,17.61,51.72,17.99,71.69,57.72,21.67,59.64,68.01,50.70,23.44,48.93,35.93,14.66,43.24,50.04,45.87,24.39,28.83,13.58,15.16,70.98,22.22,55.59,52.73,44.96,41.67,52.44,54.92,35.38,65.74,53.25,50.71,32.95,31.56,31.17,15.89,0.00,34.24,48.14,33.24,44.90,81.00,25.84,11.62,62.21,21.97,19.84,51.40,60.22,31.85,37.97,34.73,75.32,33.38,45.72,33.44,46.91,53.82,25.36,33.52,22.96,29.57,39.41,44.82,67.27,30.39,45.65,42.61,47.69,18.99,30.63,44.05,52.15,37.94,80.20,12.39,28.36,11.52,66.47,71.53,22.74
45.46,21.04,31.98,31.98,54.89,23.39,19.00,6.29,14.66,41.98,21.19,54.88,7.67,40.00,20.71,43.01,17.58,21.94,58.44,22.67,36.31,39.18,57.54,23.61,50.19,55.16,46.58,16.56,34.74,15.72,14.71,42.49,34.93,69.16,42.21,41.59,11.70,28.44,37.71,39.78,13.36,30.18,58.94,22.33,33.14,79.08,22.67,68.96,36.23,20.45,29.54,59.06,45.94,31.15,49.79,34.24,0.00,38.61,40.08,43.25,68.96,16.35,35.37,35.23,23.41,45.74,43.60,26.16,2.46,61.71,60.78,54.33,19.94,11.55,45.82,20.33,78.74,59.17,39.27,41.19,17.46,25.62,34.21,40.97,35.76,13.82,18.47,23.75,21.59,21.87,49.38,64.15,29.17,64.46,26.34,60.55,24.13,58.25,37.72,53.16
8.14,20.31,39.85,51.25,17.37,27.85,24.63,44.87,48.42,70.80,25.03,52.13,37.26,77.79,52.19,4.56,56.14,16.68,23.88,51.03,74.88,63.65,23.56,45.10,46.86,16.67,24.19,45.82,26.98,48.93,53.03,43.22,4.92,46.24,78.96,31.83,47.70,53.61,61.03,41.81,34.42,67.58,26.24,19.42,70.54,63.24,36.10,69.42,34.76,53.00,16.04,81.03,29.13,17.18,56.25,48.14,38.61,0.00,20.45,10.20,33.29,27.16,57.37,71.39,54.72,67.52,5.02,52.47,38.90,85.78,49.29,29.83,19.54,40.24,76.31,24.45,60.56,62.69,72.26,67.81,53.48,63.59,72.13,29.97,20.11,33.18,22.43,62.04,30.61,57.76,19.89,95.98,10.95,32.11,50.63,59.07,46.75,20.14,62.62,70.66
26.96,31.30,24.64,63.35,23.55,18.65,35.39,45.88,43.70,59.45,37.19,31.88,42.62,73.53,45.16,22.88,55.38,24.23,21.82,42.47,73.18,50.82,42.21,55.67,26.74,27.00,44.53,53.13,9.83,54.53,51.79,24.35,16.97,30.28,73.10,11.83,44.69,42.77,48.00,58.65,29.60,70.07,20.69,31.22,66.10,44.58,48.21,49.11,51.78,59.23,32.29,65.55,8.96,9.31,37.51,33.24,40.08,20.45,0.00,12.91,49.72,23.88,44.27,75.31,47.07,53.02,21.42,61.78,39.10,70.94,29.15,50.26,22.01,46.90,65.46,36.05,42.67,42.93,63.43,55.58,49.38,60.61,68.47,48.88,4.37,41.73,31.99,63.07,21.69,52.89,11.17,84.82,16.37,50.85,40.03,38.77,36.37,34.59,73.18,54.18
14.62,28.16,36.27,60.22,12.46,26.82,32.61,49.49,50.52,69.87,33.56,44.51,43.52,80.53,53.26,10.82,60.22,22.62,15.48,51.31,78.78,61.81,29.42,53.51,39.51,14.77,33.79,53.06,21.79,55.56,56.84,37.21,9.80,36.05,80.95,24.73,50.58,52.75,59.05,51.88,35.98,73.21,16.95,27.55,73.13,53.29,44.89,61.62,44.82,59.94,25.67,77.68,20.50,14.69,50.39,44.90,43.25,10.20,12.91,0.00,36.86,28.96,55.31,77.64,55.53,64.72,9.07,60.54,42.99,82.86,40.18,38.64,23.31,47.11,75.70,32.75,50.47,55.79,72.69,66.36,55.98,66.78,75.10,40.16,14.58,40.60,29.80,66.99,29.93,59.98,9.69,95.31,14.22,38.02,49.84,51.33,45.99,21.82,71.20,66.59
25.16,48.05,72.50,69.39,28.07,61.11,51.06,74.87,80.69,104.05,49.84,80.59,65.34,108.96,84.97,28.96,86.32,47.95,35.83,84.11,104.75,96.91,11.60,66.59,75.86,23.49,27.39,70.91,58.50,75.20,83.66,74.06,38.18,63.22,110.82,61.44,79.40,86.88,94.28,52.49,67.28,94.85,39.88,46.79,101.98,82.57,57.52,97.25,47.34,78.21,39.85,113.95,56.32,49.84,87.23,81.00,68.96,33.29,49.72,36.86,0.00,60.11,90.60,97.17,87.58,100.61,29.60,74.35,69.85,118.87,74.05,23.20,52.03,66.80,109.50,50.09,78.49,92.26,105.14,101.10,85.34,94.58,103.16,38.56,51.25,59.37,50.63,90.76,63.89,89.75,42.15,129.14,44.18,9.08,83.91,87.16,80.02,15.24,81.44,103.18
35.08,18.22,20.05,44.09,41.27,7.76,19.90,22.01,21.64,44.19,22.60,41.34,20.32,51.58,25.04,31.70,31.76,13.39,43.44,24.01,50.04,37.99,49.51,35.71,36.21,42.51,43.01,31.05,18.59,31.52,28.25,29.11,22.54,52.84,52.20,25.68,21.65,27.28,35.63,45.69,7.28,46.19,43.46,19.15,44.18,63.53,30.68,57.05,40.09,36.29,25.25,56.85,29.63,15.34,39.15,25.84,16.35,27.16,23.88,28.96,60.11,0.00,32.24,51.51,27.57,42.97,31.69,40.40,15.23,60.90,45.51,50.59,8.35,24.94,49.46,21.24,62.87,47.92,45.11,41.67,27.03,37.85,46.14,41.45,19.52,21.98,16.83,39.23,7.45,31.09,33.75,69.06,16.29,57.52,24.34,47.68,20.60,47.26,52.13,48.12
65.50,49.87,19.74,66.84,67.37,29.51,50.38,35.28,22.58,15.69,53.09,33.80,43.02,38.90,17.08,61.64,34.68,45.62,65.91,13.36,43.70,6.55,80.73,58.71,32.10,70.08,75.24,50.70,34.44,47.89,32.13,25.86,52.45,61.35,35.61,35.97,26.52,7.21,3.74,74.60,26.48,50.34,64.15,50.95,32.88,62.18,57.74,40.81,70.15,51.65,57.43,24.69,43.14,41.01,22.47,11.62,35.37,57.37,44.27,55.31,90.60,32.24,0.00,57.12,15.69,10.82,61.08,59.72,32.93,28.70,45.21,82.82,40.49,46.76,21.82,51.84,64.03,30.98,22.51,11.39,24.86,32.43,36.20,72.98,41.07,48.51,47.99,42.66,26.86,24.25,55.27,40.67,46.67,89.06,9.04,36.12,11.99,76.48,70.30,17.86
76.89,51.31,63.48,32.59,88.53,58.07,47.32,29.59,37.02,53.23,47.87,86.03,34.22,29.86,40.68,75.38,23.07,55.20,93.06,44.95,20.28,56.98,85.63,31.43,82.12,88.00,70.78,26.33,69.51,22.52,26.39,74.24,68.56,104.06,35.84,75.98,33.88,50.50,57.27,51.24,47.06,6.79,93.86,52.37,29.36,112.43,39.86,97.17,52.76,18.98,58.22,73.47,80.90,66.34,77.81,62.21,35.23,71.39,75.31,77.64,97.17,51.51,57.12,0.00,41.50,63.94,76.38,24.38,36.32,73.15,93.99,77.49,54.57,31.24,52.97,47.94,112.64,87.11,44.64,55.70,32.76,25.45,26.77,61.07,70.99,38.59,49.02,14.57,55.78,32.89,84.43,63.47,63.42,90.65,50.35,90.55,50.72,89.42,25.16,73.19
62.64,42.10,26.25,52.95,67.98,28.89,41.32,21.39,8.78,18.57,43.82,46.41,30.85,27.28,2.78,59.27,19.01,39.92,68.64,4.83,29.77,17.02,76.77,45.26,43.43,69.71,68.29,36.74,38.07,33.32,16.65,35.93,50.06,70.13,26.09,42.25,12.38,9.05,16.45,63.10,20.32,34.73,67.76,43.34,20.15,74.30,45.96,55.87,59.63,36.67,50.47,36.43,48.89,40.92,36.75,21.97,23.41,54.72,47.07,55.53,87.58,27.57,15.69,41.50,0.00,24.09,59.20,45.20,21.25,38.52,56.31,76.07,35.56,33.79,22.78,42.76,75.44,45.86,17.56,18.03,9.28,17.50,23.12,63.94,43.04,37.23,39.78,27.00,25.74,8.82,58.15,41.94,43.82,84.52,9.58,50.01,11.71,74.80,55.27,32.77
75.63,60.69,28.48,76.72,76.47,39.76,61.19,45.03,32.15,13.37,63.89,36.23,53.40,41.43,26.15,71.68,42.66,56.34,74.20,23.17,48.07,7.12,91.00,68.77,36.13,79.47,85.98,60.50,43.25,57.33,40.65,31.66,62.60,66.20,36.84,43.46,36.05,17.30,8.02,85.23,37.30,57.19,72.06,61.76,36.84,63.88,68.28,38.40,80.89,60.76,68.20,13.88,50.56,50.80,23.56,19.84,45.74,67.52,53.02,64.72,100.61,42.97,10.82,63.94,24.09,0.00,71.01,69.21,43.32,18.27,48.62,93.52,51.18,56.94,18.32,62.65,66.47,29.69,22.97,9.02,33.27,38.53,40.18,83.80,50.23,59.10,58.81,49.94,37.29,31.53,63.69,34.04,56.99,99.41,19.66,36.49,22.80,86.22,79.35,9.33
5.59,25.21,42.93,55.58,12.68,31.67,29.47,49.87,53.14,74.89,29.71,53.27,42.27,82.64,56.72,1.93,61.11,21.69,20.02,55.38,79.86,67.45,20.91,49.71,48.16,11.65,25.04,50.72,29.25,53.90,57.98,45.26,9.16,44.30,83.71,33.20,52.53,57.67,64.78,45.06,38.97,72.60,22.86,24.26,75.36,62.06,40.59,70.47,38.05,57.93,20.23,84.35,29.48,20.24,58.41,51.40,43.60,5.02,21.42,9.07,29.60,31.69,61.08,76.38,59.20,71.01,0.00,57.17,43.85,89.27,49.24,29.59,24.35,45.20,80.49,29.21,59.05,64.30,76.69,71.74,58.27,68.49,77.01,32.39,22.07,38.08,27.38,67.06,34.57,62.51,18.09,100.18,15.41,29.57,54.70,60.14,50.81,15.63,67.11,73.68
