0.00,16.04,29.29,5.80,9.78,2.84,50.30,30.66,29.06,36.05,41.10,17.19,16.82,8.16,13.00,20.46,29.17,46.30,29.27,41.48,10.28,7.80,30.33,26.50,22.47,50.19,4.45,40.80,8.14,21.43,34.40,9.61,30.38,5.10,22.30,8.10,43.52,10.90,14.84,44.86,13.57,4.90,38.56,7.80,22.07,42.36,28.13,26.91,52.45,38.73
16.04,0.00,13.25,10.23,25.82,13.19,34.26,46.70,45.10,20.02,25.06,1.15,0.79,7.88,3.04,4.42,45.20,30.27,13.23,57.52,5.76,23.84,14.29,10.46,6.43,34.15,11.59,56.84,24.18,5.40,18.37,25.64,46.42,10.94,6.26,7.93,27.48,5.14,30.87,28.82,29.61,20.94,22.52,8.24,38.10,58.40,44.17,42.95,36.42,22.69
29.29,13.25,0.00,23.48,39.07,26.45,21.01,59.95,58.35,6.76,11.81,12.10,12.46,21.13,16.29,8.83,58.45,17.02,0.02,70.77,19.01,37.09,1.04,2.79,6.82,20.90,24.84,70.09,37.43,7.85,5.12,38.89,59.67,24.19,6.99,21.18,14.23,18.39,44.12,15.57,42.86,34.19,9.27,21.49,51.35,71.65,57.42,56.20,23.17,9.44
5.80,10.23,23.48,0.00,15.58,2.96,44.49,36.46,34.86,30.25,35.30,11.38,11.02,2.35,7.19,14.66,34.97,40.50,23.47,47.29,4.48,13.61,24.53,20.70,16.66,44.39,1.36,46.61,13.94,15.63,28.60,15.41,36.18,0.70,16.49,2.30,37.72,5.10,20.64,39.05,19.38,10.71,32.76,1.99,27.87,48.16,33.93,32.71,46.65,32.92
9.78,25.82,39.07,15.58,0.00,12.62,60.08,20.88,19.28,45.83,50.88,26.96,26.60,17.94,22.78,30.24,19.39,56.08,39.05,31.71,20.06,1.98,40.11,36.28,32.25,59.97,14.23,31.02,1.64,31.21,44.18,0.17,20.60,14.88,32.08,17.88,53.30,20.68,5.06,54.64,3.80,4.87,48.34,17.57,12.29,32.58,18.35,17.13,62.23,48.51
2.84,13.19,26.45,2.96,12.62,0.00,47.46,33.50,31.90,33.21,38.26,14.34,13.98,5.31,10.15,17.62,32.01,43.46,26.43,44.33,7.44,10.65,27.49,23.66,19.63,47.35,1.61,43.65,10.98,18.59,31.56,12.45,33.22,2.26,19.45,5.26,40.68,8.06,17.68,42.01,16.42,7.75,35.72,4.95,24.91,45.20,30.97,29.75,49.61,35.89
50.30,34.26,21.01,44.49,60.08,47.46,0.00,80.96,79.36,14.25,9.20,33.11,33.47,42.14,37.30,29.84,79.46,3.99,21.03,91.78,40.02,58.10,19.97,23.80,27.83,0.11,45.85,91.10,58.44,28.86,15.89,59.90,80.68,45.20,28.00,42.19,6.78,39.40,65.13,5.44,63.87,55.20,11.74,42.50,72.36,92.66,78.43,77.21,2.16,11.57
30.66,46.70,59.95,36.46,20.88,33.50,80.96,0.00,1.60,66.71,71.76,47.84,47.48,38.82,43.65,51.12,1.49,76.96,59.93,10.83,40.94,22.85,60.99,57.16,53.13,80.85,35.11,10.15,22.52,52.09,65.06,21.05,0.28,35.76,52.96,38.76,74.18,41.56,15.82,75.51,17.08,25.75,69.22,38.45,8.59,11.70,2.53,3.75,83.11,69.39
29.06,45.10,58.35,34.86,19.28,31.90,79.36,1.60,0.00,65.11,70.16,46.24,45.88,37.22,42.06,49.52,0.11,75.36,58.33,12.43,39.34,21.25,59.39,55.56,51.53,79.25,33.51,11.75,20.92,50.49,63.46,19.45,1.32,34.16,51.36,37.16,72.58,39.96,14.22,73.91,15.48,24.15,67.62,36.85,6.99,13.30,0.93,2.15,81.51,67.79
36.05,20.02,6.76,30.25,45.83,33.21,14.25,66.71,65.11,0.00,5.05,18.87,19.23,27.89,23.06,15.59,65.22,10.25,6.78,77.54,25.77,43.86,5.72,9.55,13.58,14.14,31.60,76.86,44.19,14.62,1.65,45.66,66.43,30.95,13.75,27.95,7.47,25.15,50.89,8.80,49.63,40.96,2.51,28.26,58.12,78.41,64.18,62.96,16.40,2.68
41.10,25.06,11.81,35.30,50.88,38.26,9.20,71.76,70.16,5.05,0.00,23.92,24.28,32.94,28.10,20.64,70.27,5.20,11.83,82.59,30.82,48.91,10.77,14.60,18.63,9.09,36.65,81.91,49.24,19.67,6.70,50.71,71.48,36.00,18.80,33.00,2.42,30.20,55.94,3.76,54.68,46.01,2.54,33.31,63.17,83.46,69.23,68.01,11.35,2.37
17.19,1.15,12.10,11.38,26.96,14.34,33.11,47.84,46.24,18.87,23.92,0.00,0.36,9.03,4.19,3.27,46.35,29.12,12.08,58.67,6.91,24.99,13.15,9.31,5.28,33.00,12.74,57.99,25.32,4.25,17.22,26.79,47.57,12.08,5.11,9.08,26.34,6.29,32.02,27.67,30.76,22.09,21.38,9.39,39.25,59.54,45.32,44.10,35.27,21.54
16.82,0.79,12.46,11.02,26.60,13.98,33.47,47.48,45.88,19.23,24.28,0.36,0.00,8.67,3.83,3.64,45.99,29.48,12.45,58.31,6.55,24.63,13.51,9.67,5.64,33.37,12.38,57.63,24.96,4.61,17.58,26.43,47.20,11.72,5.47,8.72,26.70,5.92,31.66,28.03,30.40,21.73,21.74,9.03,38.89,59.18,44.96,43.74,35.63,21.90
8.16,7.88,21.13,2.35,17.94,5.31,42.14,38.82,37.22,27.89,32.94,9.03,8.67,0.00,4.84,12.30,37.32,38.15,21.11,49.64,2.12,15.96,22.17,18.34,14.31,42.03,3.71,48.96,16.30,13.28,26.25,17.76,38.54,3.06,14.14,0.05,35.36,2.74,22.99,36.70,21.73,13.06,30.40,0.36,30.22,50.52,36.29,35.07,44.30,30.57
13.00,3.04,16.29,7.19,22.78,10.15,37.30,43.65,42.06,23.06,28.10,4.19,3.83,4.84,0.00,7.46,42.16,33.31,16.27,54.48,2.72,20.80,17.34,13.50,9.47,37.19,8.55,53.80,21.13,8.44,21.41,22.60,43.38,7.89,9.30,4.89,30.53,2.10,27.83,31.86,26.57,17.90,25.56,5.20,35.06,55.36,41.13,39.91,39.46,25.73
20.46,4.42,8.83,14.66,30.24,17.62,29.84,51.12,49.52,15.59,20.64,3.27,3.64,12.30,7.46,0.00,49.63,25.84,8.81,61.94,10.18,28.26,9.87,6.04,2.01,29.73,16.01,61.26,28.60,0.97,13.94,30.07,50.84,15.36,1.84,12.36,23.06,9.56,35.30,24.40,34.03,25.36,18.10,12.66,42.53,62.82,48.59,47.37,31.99,18.27
29.17,45.20,58.45,34.97,19.39,32.01,79.46,1.49,0.11,65.22,70.27,46.35,45.99,37.32,42.16,49.63,0.00,75.47,58.44,12.32,39.44,21.36,59.50,55.66,51.63,79.36,33.61,11.64,21.03,50.60,63.57,19.56,1.21,34.27,51.46,37.27,72.69,40.07,14.33,74.02,15.59,24.26,67.73,36.96,7.10,13.19,1.03,2.25,81.62,67.89
46.30,30.27,17.02,40.50,56.08,43.46,3.99,76.96,75.36,10.25,5.20,29.12,29.48,38.15,33.31,25.84,75.47,0.00,17.03,87.79,36.02,54.11,15.97,19.80,23.84,3.89,41.86,87.11,54.44,24.87,11.90,55.91,76.68,41.20,24.01,38.20,2.78,35.40,61.14,1.45,59.88,51.21,7.74,38.51,68.37,88.66,74.43,73.21,6.15,7.58
29.27,13.23,0.02,23.47,39.05,26.43,21.03,59.93,58.33,6.78,11.83,12.08,12.45,21.11,16.27,8.81,58.44,17.03,0.00,70.75,18.99,37.07,1.06,2.77,6.80,20.92,24.82,70.07,37.41,7.84,5.13,38.88,59.65,24.17,6.97,21.17,14.25,18.37,44.11,15.59,42.84,34.17,9.29,21.47,51.34,71.63,57.40,56.18,23.18,9.46
41.48,57.52,70.77,47.29,31.71,44.33,91.78,10.83,12.43,77.54,82.59,58.67,58.31,49.64,54.48,61.94,12.32,87.79,70.75,0.00,51.76,33.68,71.82,67.98,63.95,91.67,45.93,0.68,33.35,62.92,75.89,31.88,11.10,46.59,63.78,49.59,85.01,52.38,26.65,86.34,27.91,36.58,80.05,49.28,19.42,0.87,13.35,14.57,93.94,80.21
10.28,5.76,19.01,4.48,20.06,7.44,40.02,40.94,39.34,25.77,30.82,6.91,6.55,2.12,2.72,10.18,39.44,36.02,18.99,51.76,0.00,18.08,20.05,16.22,12.19,39.91,5.83,51.08,18.42,11.15,24.13,19.89,40.66,5.18,12.02,2.18,33.24,0.62,25.12,34.58,23.85,15.18,28.28,2.48,32.34,52.64,38.41,37.19,42.17,28.45
7.80,23.84,37.09,13.61,1.98,10.65,58.10,22.85,21.25,43.86,48.91,24.99,24.63,15.96,20.80,28.26,21.36,54.11,37.07,33.68,18.08,0.00,38.14,34.30,30.27,57.99,12.25,33.00,0.33,29.24,42.21,1.80,22.58,12.91,30.10,15.91,51.33,18.70,7.03,52.66,5.77,2.90,46.36,15.60,14.26,34.55,20.33,19.11,60.26,46.53
30.33,14.29,1.04,24.53,40.11,27.49,19.97,60.99,59.39,5.72,10.77,13.15,13.51,22.17,17.34,9.87,59.50,15.97,1.06,71.82,20.05,38.14,0.00,3.83,7.86,19.86,25.88,71.14,38.47,8.90,4.07,39.94,60.71,25.23,8.03,22.23,13.19,19.43,45.17,14.52,43.91,35.24,8.23,22.54,52.40,72.69,58.46,57.24,22.12,8.40
26.50,10.46,2.79,20.70,36.28,23.66,23.80,57.16,55.56,9.55,14.60,9.31,9.67,18.34,13.50,6.04,55.66,19.80,2.77,67.98,16.22,34.30,3.83,0.00,4.03,23.69,22.05,67.30,34.64,5.07,7.91,36.11,56.88,21.40,4.20,18.40,17.02,15.60,41.33,18.36,40.07,31.40,12.06,18.70,48.56,68.86,54.63,53.41,25.96,12.23
22.47,6.43,6.82,16.66,32.25,19.63,27.83,53.13,51.53,13.58,18.63,5.28,5.64,14.31,9.47,2.01,51.63,23.84,6.80,63.95,12.19,30.27,7.86,4.03,0.00,27.72,18.02,63.27,30.61,1.03,11.94,32.07,52.85,17.37,0.17,14.36,21.05,11.57,37.30,22.39,36.04,27.37,16.09,14.67,44.53,64.83,50.60,49.38,29.99,16.26
50.19,34.15,20.90,44.39,59.97,47.35,0.11,80.85,79.25,14.14,9.09,33.00,33.37,42.03,37.19,29.73,79.36,3.89,20.92,91.67,39.91,57.99,19.86,23.69,27.72,0.00,45.74,90.99,58.33,28.76,15.79,59.80,80.57,45.09,27.89,42.09,6.67,39.29,65.03,5.33,63.76,55.10,11.63,42.40,72.26,92.55,78.32,77.10,2.26,11.46
4.45,11.59,24.84,1.36,14.23,1.61,45.85,35.11,33.51,31.60,36.65,12.74,12.38,3.71,8.55,16.01,33.61,41.86,24.82,45.93,5.83,12.25,25.88,22.05,18.02,45.74,0.00,45.25,12.59,16.99,29.96,14.05,34.83,0.65,17.85,3.66,39.07,6.45,19.28,40.41,18.02,9.35,34.11,3.35,26.51,46.81,32.58,31.36,48.01,34.28
40.80,56.84,70.09,46.61,31.02,43.65,91.10,10.15,11.75,76.86,81.91,57.99,57.63,48.96,53.80,61.26,11.64,87.11,70.07,0.68,51.08,33.00,71.14,67.30,63.27,90.99,45.25,0.00,32.67,62.24,75.21,31.20,10.42,45.91,63.10,48.91,84.33,51.70,25.97,85.66,27.23,35.90,79.36,48.60,18.74,1.55,12.67,13.89,93.26,79.53
8.14,24.18,37.43,13.94,1.64,10.98,58.44,22.52,20.92,44.19,49.24,25.32,24.96,16.30,21.13,28.60,21.03,54.44,37.41,33.35,18.42,0.33,38.47,34.64,30.61,58.33,12.59,32.67,0.00,29.57,42.54,1.47,22.24,13.24,30.44,16.24,51.66,19.04,6.70,52.99,5.44,3.23,46.70,15.93,13.93,34.22,19.99,18.77,60.59,46.87
21.43,5.40,7.85,15.63,31.21,18.59,28.86,52.09,50.49,14.62,19.67,4.25,4.61,13.28,8.44,0.97,50.60,24.87,7.84,62.92,11.15,29.24,8.90,5.07,1.03,28.76,16.99,62.24,29.57,0.00,12.97,31.04,51.81,16.33,0.86,13.33,22.09,10.53,36.27,23.42,35.01,26.34,17.13,13.64,43.50,63.79,49.56,48.34,31.02,17.29
34.40,18.37,5.12,28.60,44.18,31.56,15.89,65.06,63.46,1.65,6.70,17.22,17.58,26.25,21.41,13.94,63.57,11.90,5.13,75.89,24.13,42.21,4.07,7.91,11.94,15.79,29.96,75.21,42.54,12.97,0.00,44.01,64.78,29.30,12.11,26.30,9.12,23.50,49.24,10.45,47.98,39.31,4.16,26.61,56.47,76.76,62.53,61.31,18.05,4.32
9.61,25.64,38.89,15.41,0.17,12.45,59.90,21.05,19.45,45.66,50.71,26.79,26.43,17.76,22.60,30.07,19.56,55.91,38.88,31.88,19.89,1.80,39.94,36.11,32.07,59.80,14.05,31.20,1.47,31.04,44.01,0.00,20.77,14.71,31.90,17.71,53.13,20.51,5.23,54.46,3.97,4.70,48.17,17.40,12.46,32.75,18.52,17.30,62.06,48.33
30.38,46.42,59.67,36.18,20.60,33.22,80.68,0.28,1.32,66.43,71.48,47.57,47.20,38.54,43.38,50.84,1.21,76.68,59.65,11.10,40.66,22.58,60.71,56.88,52.85,80.57,34.83,10.42,22.24,51.81,64.78,20.77,0.00,35.48,52.68,38.48,73.90,41.28,15.54,75.24,16.81,25.48,68.94,38.18,8.31,11.98,2.25,3.47,82.83,69.11
5.10,10.94,24.19,0.70,14.88,2.26,45.20,35.76,34.16,30.95,36.00,12.08,11.72,3.06,7.89,15.36,34.27,41.20,24.17,46.59,5.18,12.91,25.23,21.40,17.37,45.09,0.65,45.91,13.24,16.33,29.30,14.71,35.48,0.00,17.20,3.00,38.42,5.80,19.94,39.75,18.68,10.01,33.46,2.69,27.17,47.46,33.23,32.01,47.35,33.63
22.30,6.26,6.99,16.49,32.08,19.45,28.00,52.96,51.36,13.75,18.80,5.11,5.47,14.14,9.30,1.84,51.46,24.01,6.97,63.78,12.02,30.10,8.03,4.20,0.17,27.89,17.85,63.10,30.44,0.86,12.11,31.90,52.68,17.20,0.00,14.19,21.22,11.40,37.13,22.56,35.87,27.20,16.26,14.50,44.36,64.66,50.43,49.21,30.16,16.43
8.10,7.93,21.18,2.30,17.88,5.26,42.19,38.76,37.16,27.95,33.00,9.08,8.72,0.05,4.89,12.36,37.27,38.20,21.17,49.59,2.18,15.91,22.23,18.40,14.36,42.09,3.66,48.91,16.24,13.33,26.30,17.71,38.48,3.00,14.19,0.00,35.42,2.80,22.94,36.75,21.68,13.01,30.46,0.31,30.17,50.46,36.23,35.01,44.35,30.62
43.52,27.48,14.23,37.72,53.30,40.68,6.78,74.18,72.58,7.47,2.42,26.34,26.70,35.36,30.53,23.06,72.69,2.78,14.25,85.01,33.24,51.33,13.19,17.02,21.05,6.67,39.07,84.33,51.66,22.09,9.12,53.13,73.90,38.42,21.22,35.42,0.00,32.62,58.36,1.33,57.10,48.43,4.96,35.73,65.59,85.88,71.65,70.43,8.93,4.79
10.90,5.14,18.39,5.10,20.68,8.06,39.40,41.56,39.96,25.15,30.20,6.29,5.92,2.74,2.10,9.56,40.07,35.40,18.37,52.38,0.62,18.70,19.43,15.60,11.57,39.29,6.45,51.70,19.04,10.53,23.50,20.51,41.28,5.80,11.40,2.80,32.62,0.00,25.74,33.96,24.47,15.80,27.66,3.10,32.97,53.26,39.03,37.81,41.55,27.83
14.84,30.87,44.12,20.64,5.06,17.68,65.13,15.82,14.22,50.89,55.94,32.02,31.66,22.99,27.83,35.30,14.33,61.14,44.11,26.65,25.12,7.03,45.17,41.33,37.30,65.03,19.28,25.97,6.70,36.27,49.24,5.23,15.54,19.94,37.13,22.94,58.36,25.74,0.00,59.69,1.26,9.93,53.40,22.63,7.23,27.52,13.29,12.07,67.29,53.56
44.86,28.82,15.57,39.05,54.64,42.01,5.44,75.51,73.91,8.80,3.76,27.67,28.03,36.70,31.86,24.40,74.02,1.45,15.59,86.34,34.58,52.66,14.52,18.36,22.39,5.33,40.41,85.66,52.99,23.42,10.45,54.46,75.24,39.75,22.56,36.75,1.33,33.96,59.69,0.00,58.43,49.76,6.30,37.06,66.92,87.21,72.99,71.77,7.60,6.13
13.57,29.61,42.86,19.38,3.80,16.42,63.87,17.08,15.48,49.63,54.68,30.76,30.40,21.73,26.57,34.03,15.59,59.88,42.84,27.91,23.85,5.77,43.91,40.07,36.04,63.76,18.02,27.23,5.44,35.01,47.98,3.97,16.81,18.68,35.87,21.68,57.10,24.47,1.26,58.43,0.00,8.67,52.14,21.37,8.49,28.78,14.56,13.34,66.03,52.30
4.90,20.94,34.19,10.71,4.87,7.75,55.20,25.75,24.15,40.96,46.01,22.09,21.73,13.06,17.90,25.36,24.26,51.21,34.17,36.58,15.18,2.90,35.24,31.40,27.37,55.10,9.35,35.90,3.23,26.34,39.31,4.70,25.48,10.01,27.20,13.01,48.43,15.80,9.93,49.76,8.67,0.00,43.47,12.70,17.16,37.45,23.23,22.01,57.36,43.63
38.56,22.52,9.27,32.76,48.34,35.72,11.74,69.22,67.62,2.51,2.54,21.38,21.74,30.40,25.56,18.10,67.73,7.74,9.29,80.05,28.28,46.36,8.23,12.06,16.09,11.63,34.11,79.36,46.70,17.13,4.16,48.17,68.94,33.46,16.26,30.46,4.96,27.66,53.40,6.30,52.14,43.47,0.00,30.77,60.63,80.92,66.69,65.47,13.89,0.17
7.80,8.24,21.49,1.99,17.57,4.95,42.50,38.45,36.85,28.26,33.31,9.39,9.03,0.36,5.20,12.66,36.96,38.51,21.47,49.28,2.48,15.60,22.54,18.70,14.67,42.40,3.35,48.60,15.93,13.64,26.61,17.40,38.18,2.69,14.50,0.31,35.73,3.10,22.63,37.06,21.37,12.70,30.77,0.00,29.86,50.15,35.93,34.71,44.66,30.93
22.07,38.10,51.35,27.87,12.29,24.91,72.36,8.59,6.99,58.12,63.17,39.25,38.89,30.22,35.06,42.53,7.10,68.37,51.34,19.42,32.34,14.26,52.40,48.56,44.53,72.26,26.51,18.74,13.93,43.50,56.47,12.46,8.31,27.17,44.36,30.17,65.59,32.97,7.23,66.92,8.49,17.16,60.63,29.86,0.00,20.29,6.06,4.84,74.52,60.79
42.36,58.40,71.65,48.16,32.58,45.20,92.66,11.70,13.30,78.41,83.46,59.54,59.18,50.52,55.36,62.82,13.19,88.66,71.63,0.87,52.64,34.55,72.69,68.86,64.83,92.55,46.81,1.55,34.22,63.79,76.76,32.75,11.98,47.46,64.66,50.46,85.88,53.26,27.52,87.21,28.78,37.45,80.92,50.15,20.29,0.00,14.23,15.45,94.81,81.09
28.13,44.17,57.42,33.93,18.35,30.97,78.43,2.53,0.93,64.18,69.23,45.32,44.96,36.29,41.13,48.59,1.03,74.43,57.40,13.35,38.41,20.33,58.46,54.63,50.60,78.32,32.58,12.67,19.99,49.56,62.53,18.52,2.25,33.23,50.43,36.23,71.65,39.03,13.29,72.99,14.56,23.23,66.69,35.93,6.06,14.23,0.00,1.22,80.58,66.86
26.91,42.95,56.20,32.71,17.13,29.75,77.21,3.75,2.15,62.96,68.01,44.10,43.74,35.07,39.91,47.37,2.25,73.21,56.18,14.57,37.19,19.11,57.24,53.41,49.38,77.10,31.36,13.89,18.77,48.34,61.31,17.30,3.47,32.01,49.21,35.01,70.43,37.81,12.07,71.77,13.34,22.01,65.47,34.71,4.84,15.45,1.22,0.00,79.36,65.64
52.45,36.42,23.17,46.65,62.23,49.61,2.16,83.11,81.51,16.40,11.35,35.27,35.63,44.30,39.46,31.99,81.62,6.15,23.18,93.94,42.17,60.26,22.12,25.96,29.99,2.26,48.01,93.26,60.59,31.02,18.05,62.06,82.83,47.35,30.16,44.35,8.93,41.55,67.29,7.60,66.03,57.36,13.89,44.66,74.52,94.81,80.58,79.36,0.00,13.73
38.73,22.69,9.44,32.92,48.51,35.89,11.57,69.39,67.79,2.68,2.37,21.54,21.90,30.57,25.73,18.27,67.89,7.58,9.46,80.21,28.45,46.53,8.40,12.23,16.26,11.46,34.28,79.53,46.87,17.29,4.32,48.33,69.11,33.63,16.43,30.62,4.79,27.83,53.56,6.13,52.30,43.63,0.17,30.93,60.79,81.09,66.86,65.64,13.73,0.00
