 1.0000000  0.2775899  0.4095070  0.5301544 -0.0147730  0.0231968  0.0112929  0.0897679  0.0364242 -0.3522700 -0.1414436 -0.0108092  0.3678809 -0.4145257 -0.1810664  0.2449848 -0.3535786  0.0559702 -0.0385943  0.1852842  0.1746592  0.2848291  0.3808312 -0.1969959
 0.2775899  1.0000000  0.3087283  0.1458227  0.0069215 -0.0551757 -0.1256932 -0.1533029 -0.0750686 -0.3789658 -0.3297592 -0.2033378 -0.0369528 -0.3150814 -0.2317021  0.0870767 -0.5745865 -0.0744783 -0.2450359  0.1495265  0.1149039  0.0220042  0.2164092 -0.2257699
 0.4095070  0.3087283  1.0000000  0.3001920 -0.0376826  0.0401392  0.0089050  0.2230303 -0.0233443 -0.6344663 -0.4831992 -0.3173624  0.0368614 -0.2017366 -0.3663002  0.0883086 -0.2729811 -0.1866274  0.1303777  0.1398082 -0.2196424  0.0725752  0.2848210 -0.3023463
 0.5301544  0.1458227  0.3001920  1.0000000  0.0400290  0.1805231  0.2253634  0.3037739  0.1926324 -0.3663455 -0.4244344 -0.2286131  0.0903192 -0.4310293 -0.2910407  0.1345782 -0.2861338 -0.1355260 -0.1972728  0.2829090  0.1508680  0.3223246  0.2656534 -0.1581915
-0.0147730  0.0069215 -0.0376826  0.0400290  1.0000000  0.8061894  0.8474455  0.6950289  0.8768213  0.0117022 -0.0073426 -0.2058607  0.0207968 -0.0127581 -0.1573022 -0.3158169 -0.2206516 -0.3390470 -0.1747843  0.3476323 -0.0267684  0.3844525  0.3637687  0.2886091
 0.0231968 -0.0551757  0.0401392  0.1805231  0.8061894  1.0000000  0.8938155  0.6579759  0.8989359 -0.1876566 -0.0782653 -0.4293948 -0.0892086  0.0574228 -0.1032940 -0.1163644 -0.1255642 -0.4665154 -0.0828466  0.4085102 -0.1382132  0.3541942  0.3448482  0.2262107
 0.0112929 -0.1256932  0.0089050  0.2253634  0.8474455  0.8938155  1.0000000  0.7769484  0.8790314 -0.0584566 -0.1375269 -0.2603069  0.0145801 -0.0513183 -0.2148224 -0.2758910 -0.1780628 -0.4459952 -0.1078038  0.4356863 -0.0190689  0.3705995  0.3676145  0.3026265
 0.0897679 -0.1533029  0.2230303  0.3037739  0.6950289  0.6579759  0.7769484  1.0000000  0.6667220 -0.0402956 -0.1143024 -0.1352093  0.1403687 -0.1026764 -0.3028123 -0.1519034 -0.1802016 -0.3507711 -0.0631975  0.3801050  0.0581711  0.2709770  0.4675125  0.2105106
 0.0364242 -0.0750686 -0.0233443  0.1926324  0.8768213  0.8989359  0.8790314  0.6667220  1.0000000 -0.1837149 -0.1372927 -0.3946542 -0.1245583  0.0166803 -0.0758527 -0.1684868 -0.1016226 -0.3818934 -0.0401370  0.4504007 -0.0984948  0.5028636  0.4519397  0.2437272
-0.3522700 -0.3789658 -0.6344663 -0.3663455  0.0117022 -0.1876566 -0.0584566 -0.0402956 -0.1837149  1.0000000  0.6125366  0.7456882  0.3906090 -0.0967154 -0.1428444 -0.3714212  0.1519277  0.1954024 -0.0772897 -0.2906338  0.3484220 -0.2709817 -0.1517725  0.5939898
-0.1414436 -0.3297592 -0.4831992 -0.4244344 -0.0073426 -0.0782653 -0.1375269 -0.1143024 -0.1372927  0.6125366  1.0000000  0.4771446  0.5017271  0.1618654 -0.0283187 -0.0683511  0.2197818  0.1840785  0.0486787 -0.3479725  0.2332361 -0.1476217 -0.2554588  0.3273574
-0.0108092 -0.2033378 -0.3173624 -0.2286131 -0.2058607 -0.4293948 -0.2603069 -0.1352093 -0.3946542  0.7456882  0.4771446  1.0000000  0.5665790 -0.2630884 -0.1871073 -0.3493383  0.0523317  0.2517296 -0.2221013 -0.2376344  0.2941977 -0.2809756 -0.0289323  0.3408285
 0.3678809 -0.0369528  0.0368614  0.0903192  0.0207968 -0.0892086  0.0145801  0.1403687 -0.1245583  0.3906090  0.5017271  0.5665790  1.0000000 -0.3082554 -0.4000856 -0.1602809 -0.2559391  0.0289757 -0.0714235 -0.2207529  0.3357141 -0.1185111  0.0815913  0.1620185
-0.4145257 -0.3150814 -0.2017366 -0.4310293 -0.0127581  0.0574228 -0.0513183 -0.1026764  0.0166803 -0.0967154  0.1618654 -0.2630884 -0.3082554  1.0000000  0.3778689  0.3211355  0.2915408 -0.1376439 -0.0439735  0.0290318 -0.2854990 -0.0971553 -0.1999577 -0.0243066
-0.1810664 -0.2317021 -0.3663002 -0.2910407 -0.1573022 -0.1032940 -0.2148224 -0.3028123 -0.0758527 -0.1428444 -0.0283187 -0.1871073 -0.4000856  0.3778689  1.0000000  0.2207263  0.3062656  0.1656141 -0.0830908 -0.0155736 -0.1784367 -0.0719409 -0.1851462 -0.2895704
 0.2449848  0.0870767  0.0883086  0.1345782 -0.3158169 -0.1163644 -0.2758910 -0.1519034 -0.1684868 -0.3714212 -0.0683511 -0.3493383 -0.1602809  0.3211355  0.2207263  1.0000000  0.0957414  0.1083181  0.0009719  0.1825707  0.0354110 -0.0122742  0.0331946 -0.2736602
-0.3535786 -0.5745865 -0.2729811 -0.2861338 -0.2206516 -0.1255642 -0.1780628 -0.1802016 -0.1016226  0.1519277  0.2197818  0.0523317 -0.2559391  0.2915408  0.3062656  0.0957414  1.0000000  0.3859729  0.1966632 -0.1549044 -0.2835324 -0.0973960 -0.2172228  0.0756637
 0.0559702 -0.0744783 -0.1866274 -0.1355260 -0.3390470 -0.4665154 -0.4459952 -0.3507711 -0.3818934  0.1954024  0.1840785  0.2517296  0.0289757 -0.1376439  0.1656141  0.1083181  0.3859729  1.0000000  0.2137716 -0.1769776  0.1349768 -0.0862225 -0.2340127  0.1292193
-0.0385943 -0.2450359  0.1303777 -0.1972728 -0.1747843 -0.0828466 -0.1078038 -0.0631975 -0.0401370 -0.0772897  0.0486787 -0.2221013 -0.0714235 -0.0439735 -0.0830908  0.0009719  0.1966632  0.2137716  1.0000000 -0.2439532  0.0692897  0.1320555 -0.0248127  0.1632675
 0.1852842  0.1495265  0.1398082  0.2829090  0.3476323  0.4085102  0.4356863  0.3801050  0.4504007 -0.2906338 -0.3479725 -0.2376344 -0.2207529  0.0290318 -0.0155736  0.1825707 -0.1549044 -0.1769776 -0.2439532  1.0000000  0.1687266  0.4685253  0.5319272  0.0590272
 0.1746592  0.1149039 -0.2196424  0.1508680 -0.0267684 -0.1382132 -0.0190689  0.0581711 -0.0984948  0.3484220  0.2332361  0.2941977  0.3357141 -0.2854990 -0.1784367  0.0354110 -0.2835324  0.1349768  0.0692897  0.1687266  1.0000000  0.1414163  0.2627034  0.3291574
 0.2848291  0.0220042  0.0725752  0.3223246  0.3844525  0.3541942  0.3705995  0.2709770  0.5028636 -0.2709817 -0.1476217 -0.2809756 -0.1185111 -0.0971553 -0.0719409 -0.0122742 -0.0973960 -0.0862225  0.1320555  0.4685253  0.1414163  1.0000000  0.5011790  0.1146995
 0.3808312  0.2164092  0.2848210  0.2656534  0.3637687  0.3448482  0.3676145  0.4675125  0.4519397 -0.1517725 -0.2554588 -0.0289323  0.0815913 -0.1999577 -0.1851462  0.0331946 -0.2172228 -0.2340127 -0.0248127  0.5319272  0.2627034  0.5011790  1.0000000  0.1774586
-0.1969959 -0.2257699 -0.3023463 -0.1581915  0.2886091  0.2262107  0.3026265  0.2105106  0.2437272  0.5939898  0.3273574  0.3408285  0.1620185 -0.0243066 -0.2895704 -0.2736602  0.0756637  0.1292193  0.1632675  0.0590272  0.3291574  0.1146995  0.1774586  1.0000000
