0.00,73.20,59.44,21.72,37.12,1.44,54.35,20.94,1.69,77.71,4.43,0.43,14.41,61.23,44.54,83.59,1.60,20.22,76.49,80.61,9.42,52.51,81.94,18.87,7.48,72.06,10.56,64.14,42.80,22.03,67.87,20.35,52.30,87.26,41.85,10.54,57.44,60.44,11.02,5.28,84.13,23.05,39.28,12.04,80.63,0.77,72.01,45.01,67.59,72.23,36.87,82.32,83.73,9.10,37.08,17.54,2.36,47.48,79.88,43.06,6.93,59.69,63.76,8.69,77.01,64.79,0.31,1.82,41.92,52.50,15.09,48.72,60.59,3.95,0.54,78.59,43.16,0.86,40.30,23.74,3.82,6.51,66.20,59.13,44.58,52.13,46.98,82.05,29.63,29.06,69.37,54.68,12.17,2.28,68.36,84.41,9.98,62.13,86.54,3.07
73.20,0.00,13.76,51.48,36.07,71.76,18.85,52.26,74.88,4.51,68.76,73.63,58.79,11.97,28.66,10.40,74.79,52.98,3.30,7.41,63.78,20.69,8.74,54.33,80.67,1.14,83.76,9.06,30.39,51.17,5.33,52.84,20.90,14.07,31.35,62.65,15.75,12.76,62.18,67.92,10.93,50.15,33.92,61.15,7.44,72.43,1.19,28.18,5.60,0.97,36.32,9.12,10.53,82.30,36.12,55.66,70.84,25.72,6.69,30.13,80.13,13.51,9.43,81.89,3.81,8.40,72.89,75.02,31.28,20.70,58.11,24.48,12.61,77.14,72.66,5.39,30.04,72.34,32.90,49.45,77.02,79.70,6.99,14.07,28.62,21.06,26.21,8.85,43.56,44.13,3.82,18.51,61.03,70.92,4.84,11.21,63.22,11.07,13.35,76.27
59.44,13.76,0.00,37.72,22.32,58.00,5.09,38.50,61.13,18.27,55.01,59.87,45.03,1.79,14.90,24.16,61.04,39.22,17.05,21.17,50.02,6.93,22.50,40.57,66.92,12.62,70.00,4.70,16.64,37.41,8.43,39.09,7.14,27.82,17.59,48.90,2.00,1.00,48.42,54.16,24.69,36.39,20.16,47.40,21.19,58.67,12.57,14.42,8.15,12.79,22.57,22.88,24.29,68.54,22.36,41.90,57.08,11.96,20.44,16.38,66.37,0.25,4.32,68.13,17.57,5.35,59.13,61.26,17.52,6.94,44.35,10.72,1.15,63.39,58.90,19.15,16.28,58.58,19.14,35.70,63.26,65.95,6.77,0.31,14.86,7.30,12.46,22.61,29.81,30.38,9.93,4.76,47.27,57.16,8.92,24.97,49.46,2.69,27.10,62.51
21.72,51.48,37.72,0.00,15.40,20.28,32.63,0.78,23.40,55.99,17.28,22.15,7.31,39.51,22.82,61.88,23.31,1.50,54.78,58.89,12.30,30.79,60.22,2.85,29.19,50.34,32.28,42.42,21.09,0.31,46.15,1.36,30.58,65.54,20.13,11.17,35.73,38.72,10.70,16.44,62.41,1.33,17.56,9.67,58.92,20.95,50.29,23.30,45.88,50.51,15.16,60.60,62.01,30.82,15.36,4.18,19.36,25.76,58.17,21.34,28.65,37.97,42.05,30.41,55.29,43.08,21.41,23.54,20.20,30.78,6.63,27.00,38.87,25.66,21.18,56.87,21.44,20.86,18.58,2.03,25.54,28.22,44.49,37.41,22.86,30.42,25.27,60.33,7.92,7.35,47.66,32.97,9.55,19.44,46.64,62.69,11.74,40.41,64.83,24.79
37.12,36.07,22.32,15.40,0.00,35.68,17.22,16.18,38.81,40.59,32.69,37.55,22.72,24.11,7.42,46.47,38.72,16.90,39.37,43.49,27.70,15.39,44.82,18.25,44.60,34.94,47.68,27.02,5.68,15.09,30.75,16.77,15.18,50.14,4.72,26.58,20.32,23.32,26.10,31.84,47.01,14.08,2.16,25.08,43.51,36.35,34.89,7.89,30.47,35.11,0.25,45.20,46.61,46.23,0.04,19.59,34.76,10.36,42.76,5.94,44.06,22.56,26.64,45.81,39.89,27.67,36.82,38.95,4.80,15.38,22.03,11.60,23.47,41.07,36.58,41.47,6.03,36.26,3.18,13.38,40.94,43.63,29.08,22.00,7.46,15.01,9.86,44.92,7.49,8.06,32.25,17.56,24.96,34.84,31.23,47.28,27.15,25.01,49.42,40.19
1.44,71.76,58.00,20.28,35.68,0.00,52.91,19.50,3.12,76.27,3.00,1.87,12.97,59.79,43.10,82.16,3.03,18.78,75.06,79.17,7.98,51.07,80.50,17.43,8.91,70.62,12.00,62.70,41.37,20.59,66.43,18.92,50.86,85.82,40.41,9.11,56.01,59.00,9.58,3.84,82.69,21.61,37.84,10.61,79.20,0.67,70.57,43.58,66.16,70.79,35.44,80.88,82.29,10.54,35.64,16.10,0.92,46.04,78.45,41.62,8.37,58.25,62.33,10.13,75.57,63.36,1.13,3.26,40.48,51.06,13.65,47.28,59.15,5.38,0.90,77.15,41.72,0.58,38.86,22.31,5.26,7.95,64.77,57.69,43.14,50.70,45.55,80.61,28.20,27.63,67.94,53.25,10.73,0.84,66.92,82.97,8.54,60.69,85.11,4.51
54.35,18.85,5.09,32.63,17.22,52.91,0.00,33.41,56.03,23.36,49.91,54.78,39.94,6.88,9.80,29.25,55.94,34.12,22.15,26.26,44.92,1.83,27.59,35.48,61.82,17.71,64.90,9.80,11.54,32.31,13.52,33.99,2.05,32.92,12.50,43.80,3.10,6.09,43.32,49.07,29.78,31.30,15.06,42.30,26.29,53.58,17.66,9.33,13.25,17.88,17.47,27.97,29.38,63.45,17.27,36.81,51.98,6.86,25.54,11.28,61.28,5.34,9.42,63.03,22.66,10.45,54.04,56.17,12.43,1.85,39.25,5.63,6.24,58.29,53.80,24.25,11.19,53.49,14.05,30.60,58.17,60.85,11.86,4.78,9.77,2.21,7.36,27.70,24.71,25.28,15.03,0.34,42.18,52.06,14.01,30.06,44.37,7.78,32.20,57.42
20.94,52.26,38.50,0.78,16.18,19.50,33.41,0.00,22.63,56.77,16.51,21.37,6.53,40.29,23.60,62.65,22.54,0.72,55.55,59.67,11.52,31.57,61.00,2.07,28.42,51.12,31.50,43.20,21.86,1.09,46.93,0.59,31.36,66.32,20.91,10.40,36.50,39.50,9.92,15.66,63.19,2.11,18.34,8.90,59.69,20.17,51.07,24.07,46.65,51.29,15.93,61.38,62.79,30.04,16.14,3.40,18.58,26.54,58.94,22.12,27.87,38.75,42.82,29.63,56.07,43.85,20.63,22.76,20.98,31.56,5.85,27.78,39.65,24.89,20.40,57.65,22.22,20.08,19.36,2.80,24.76,27.45,45.26,38.18,23.64,31.19,26.04,61.11,8.69,8.12,48.43,33.74,8.77,18.66,47.42,63.47,10.96,41.19,65.60,24.01
1.69,74.88,61.13,23.40,38.81,3.12,56.03,22.63,0.00,79.39,6.12,1.26,16.09,62.92,46.23,85.28,0.09,21.91,78.18,82.30,11.11,54.20,83.63,20.55,5.79,73.75,8.87,65.83,44.49,23.72,69.56,22.04,53.98,88.95,43.53,12.23,59.13,62.13,12.71,6.97,85.82,24.73,40.97,13.73,82.32,2.45,73.70,46.70,69.28,73.92,38.56,84.00,85.42,7.42,38.77,19.22,4.05,49.17,81.57,44.75,5.25,61.37,65.45,7.00,78.70,66.48,1.99,0.14,43.61,54.19,16.78,50.41,62.27,2.26,2.23,80.28,44.84,2.54,41.98,25.43,2.13,4.82,67.89,60.81,46.27,53.82,48.67,83.73,31.32,30.75,71.06,56.37,13.85,3.97,70.04,86.09,11.66,63.82,88.23,1.38
77.71,4.51,18.27,55.99,40.59,76.27,23.36,56.77,79.39,0.00,73.27,78.14,63.30,16.48,33.17,5.89,79.30,57.49,1.21,2.90,68.29,25.20,4.23,58.84,85.18,5.65,88.27,13.57,34.91,55.68,9.84,57.36,25.41,9.55,35.86,67.17,20.26,17.27,66.69,72.43,6.42,54.66,38.43,65.66,2.93,76.94,5.70,32.69,10.11,5.48,40.84,4.61,6.02,86.81,40.63,60.17,75.35,30.23,2.18,34.65,84.64,18.02,13.94,86.40,0.70,12.91,77.40,79.53,35.79,25.21,62.62,28.99,17.12,81.66,77.17,0.88,34.55,76.85,37.41,53.96,81.53,84.22,11.50,18.58,33.13,25.57,30.72,4.34,48.07,48.64,8.33,23.02,65.54,75.43,9.35,6.70,67.73,15.58,8.84,80.78
4.43,68.76,55.01,17.28,32.69,3.00,49.91,16.51,6.12,73.27,0.00,4.86,9.97,56.80,40.11,79.16,6.03,15.79,72.06,76.18,4.99,48.08,77.51,14.43,11.91,67.63,14.99,59.71,38.37,17.60,63.44,15.92,47.86,82.83,37.41,6.11,53.01,56.01,6.59,0.85,79.69,18.61,34.85,7.61,76.20,3.67,67.58,40.58,63.16,67.80,32.44,77.88,79.30,13.54,32.65,13.10,2.07,43.05,75.45,38.63,11.37,55.25,59.33,13.12,72.58,60.36,4.13,6.26,37.49,48.07,10.66,44.28,56.15,8.38,3.89,74.16,38.72,3.58,35.86,19.31,8.25,10.94,61.77,54.69,40.15,47.70,42.55,77.61,25.20,24.63,64.94,50.25,7.73,2.15,63.92,79.97,5.54,57.69,82.11,7.50
0.43,73.63,59.87,22.15,37.55,1.87,54.78,21.37,1.26,78.14,4.86,0.00,14.84,61.66,44.97,84.02,1.17,20.65,76.92,81.04,9.85,52.94,82.37,19.30,7.05,72.49,10.13,64.57,43.23,22.46,68.30,20.78,52.73,87.69,42.28,10.97,57.87,60.87,11.45,5.71,84.56,23.48,39.71,12.47,81.06,1.20,72.44,45.44,68.02,72.66,37.30,82.75,84.16,8.67,37.51,17.97,2.79,47.91,80.31,43.49,6.50,60.12,64.19,8.26,77.44,65.22,0.74,1.39,42.35,52.93,15.52,49.15,61.02,3.52,0.97,79.02,43.59,1.29,40.73,24.17,3.39,6.08,66.63,59.56,45.01,52.57,47.41,82.48,30.06,29.49,69.80,55.11,12.60,2.71,68.79,84.84,10.41,62.56,86.97,2.64
14.41,58.79,45.03,7.31,22.72,12.97,39.94,6.53,16.09,63.30,9.97,14.84,0.00,46.82,30.14,69.19,16.00,5.82,62.09,66.20,4.98,38.11,67.53,4.46,21.88,57.65,24.96,49.74,28.40,7.63,53.46,5.95,37.89,72.86,27.44,3.86,43.04,46.03,3.38,9.13,69.72,8.64,24.88,2.36,66.23,13.64,57.60,30.61,53.19,57.82,22.47,67.91,69.32,23.51,22.67,3.13,12.04,33.08,65.48,28.66,21.34,45.28,49.36,23.09,62.60,50.39,14.10,16.23,27.51,38.09,0.69,34.31,46.18,18.35,13.86,64.19,28.75,13.55,25.89,9.34,18.23,20.91,51.80,44.72,30.17,37.73,32.58,67.64,15.23,14.66,54.97,40.28,2.24,12.13,53.95,70.00,4.43,47.72,72.14,17.48
61.23,11.97,1.79,39.51,24.11,59.79,6.88,40.29,62.92,16.48,56.80,61.66,46.82,0.00,16.69,22.37,62.83,41.01,15.26,19.38,51.81,8.72,20.71,42.36,68.70,10.83,71.79,2.91,18.43,39.20,6.64,40.88,8.93,26.03,19.38,50.69,3.79,0.79,50.21,55.95,22.90,38.18,21.95,49.18,19.40,60.46,10.78,16.21,6.36,11.00,24.36,21.09,22.50,70.33,24.15,43.69,58.87,13.75,18.65,18.17,68.16,1.54,2.53,69.92,15.78,3.56,60.92,63.05,19.31,8.73,46.14,12.51,0.64,65.18,60.69,17.36,18.07,60.37,20.93,37.48,65.05,67.74,4.98,2.10,16.65,9.09,14.25,20.82,31.60,32.17,8.14,6.55,49.06,58.95,7.13,23.18,51.25,0.90,25.31,64.30
44.54,28.66,14.90,22.82,7.42,43.10,9.80,23.60,46.23,33.17,40.11,44.97,30.14,16.69,0.00,39.05,46.14,24.32,31.95,36.07,35.12,7.97,37.40,25.67,52.02,27.52,55.10,19.60,1.74,22.51,23.33,24.19,7.76,42.72,2.70,34.00,12.90,15.90,33.52,39.26,39.59,21.49,5.26,32.50,36.09,43.77,27.47,0.47,23.05,27.69,7.67,37.78,39.19,53.65,7.46,27.00,42.18,2.94,35.34,1.48,51.47,15.15,19.22,53.23,32.47,20.25,44.23,46.36,2.62,7.96,29.45,4.18,16.05,48.49,44.00,34.05,1.38,43.68,4.24,20.80,48.36,51.05,21.66,14.58,0.04,7.59,2.44,37.51,14.91,15.48,24.83,10.14,32.37,42.26,23.81,39.87,34.56,17.59,42.00,47.61
83.59,10.40,24.16,61.88,46.47,82.16,29.25,62.65,85.28,5.89,79.16,84.02,69.19,22.37,39.05,0.00,85.19,63.37,7.10,2.99,74.17,31.08,1.65,64.73,91.07,11.53,94.15,19.45,40.79,61.56,15.73,63.24,31.30,3.67,41.75,73.05,26.15,23.15,72.57,78.31,0.53,60.55,44.31,71.55,2.96,82.83,11.58,38.58,16.00,11.37,46.72,1.28,0.14,92.70,46.51,66.06,81.23,36.11,3.71,40.53,90.53,23.91,19.83,92.28,6.59,18.80,83.29,85.42,41.67,31.10,68.50,34.88,23.01,87.54,83.05,5.00,40.44,82.74,43.30,59.85,87.42,90.10,17.39,24.47,39.01,31.46,36.61,1.55,53.96,54.53,14.22,28.91,71.43,81.31,15.24,0.81,73.62,21.47,2.95,86.66
1.60,74.79,61.04,23.31,38.72,3.03,55.94,22.54,0.09,79.30,6.03,1.17,16.00,62.83,46.14,85.19,0.00,21.82,78.09,82.21,11.02,54.11,83.54,20.47,5.88,73.66,8.96,65.74,44.40,23.63,69.47,21.95,53.89,88.86,43.44,12.14,59.04,62.04,12.62,6.88,85.73,24.64,40.88,13.64,82.23,2.36,73.61,46.61,69.19,73.83,38.47,83.91,85.33,7.51,38.68,19.13,3.96,49.08,81.48,44.66,5.34,61.28,65.36,7.09,78.61,66.39,1.90,0.23,43.52,54.10,16.69,50.32,62.18,2.35,2.14,80.19,44.75,2.45,41.89,25.34,2.22,4.91,67.80,60.72,46.18,53.73,48.58,83.64,31.23,30.66,70.97,56.28,13.76,3.88,69.95,86.00,11.57,63.73,88.14,1.47
20.22,52.98,39.22,1.50,16.90,18.78,34.12,0.72,21.91,57.49,15.79,20.65,5.82,41.01,24.32,63.37,21.82,0.00,56.27,60.39,10.80,32.29,61.72,1.35,27.70,51.84,30.78,43.92,22.58,1.81,47.65,0.13,32.08,67.04,21.62,9.68,37.22,40.22,9.20,14.94,63.91,2.83,19.06,8.18,60.41,19.45,51.79,24.79,47.37,52.01,16.65,62.10,63.51,29.33,16.86,2.68,17.86,27.26,59.66,22.84,27.16,39.47,43.54,28.91,56.79,44.57,19.92,22.04,21.70,32.28,5.13,28.50,40.37,24.17,19.68,58.37,22.93,19.36,20.08,3.52,24.04,26.73,45.98,38.90,24.36,31.91,26.76,61.82,9.41,8.84,49.15,34.46,8.05,17.94,48.13,64.18,10.24,41.91,66.32,23.29
76.49,3.30,17.05,54.78,39.37,75.06,22.15,55.55,78.18,1.21,72.06,76.92,62.09,15.26,31.95,7.10,78.09,56.27,0.00,4.12,67.07,23.98,5.45,57.62,83.97,4.43,87.05,12.35,33.69,54.46,8.62,56.14,24.20,10.77,34.65,65.95,19.05,16.05,65.47,71.21,7.64,53.45,37.21,64.45,4.14,75.72,4.48,31.48,8.90,4.26,39.62,5.82,7.24,85.60,39.41,58.96,74.13,29.01,3.39,33.43,83.43,16.81,12.73,85.18,0.52,11.70,76.19,78.32,34.57,23.99,61.40,27.77,15.91,80.44,75.95,2.10,33.34,75.64,36.20,52.75,80.31,83.00,10.29,17.37,31.91,24.36,29.51,5.55,46.86,47.43,7.12,21.81,64.33,74.21,8.14,7.91,66.52,14.36,10.05,79.56
80.61,7.41,21.17,58.89,43.49,79.17,26.26,59.67,82.30,2.90,76.18,81.04,66.20,19.38,36.07,2.99,82.21,60.39,4.12,0.00,71.19,28.10,1.33,61.74,88.09,8.55,91.17,16.47,37.81,58.58,12.74,60.26,28.31,6.65,38.76,70.07,23.17,20.17,69.59,75.33,3.52,57.56,41.33,68.57,0.02,79.84,8.60,35.59,13.02,8.38,43.74,1.71,3.12,89.71,43.53,63.07,78.25,33.13,0.73,37.55,87.54,20.92,16.85,89.30,3.60,15.82,80.30,82.43,38.69,28.11,65.52,31.89,20.02,84.56,80.07,2.02,37.45,79.75,40.31,56.87,84.43,87.12,14.40,21.48,36.03,28.47,33.63,1.44,50.98,51.55,11.24,25.93,68.44,78.33,12.25,3.80,70.63,18.48,5.93,83.68
9.42,63.78,50.02,12.30,27.70,7.98,44.92,11.52,11.11,68.29,4.99,9.85,4.98,51.81,35.12,74.17,11.02,10.80,67.07,71.19,0.00,43.09,72.52,9.45,16.90,62.64,19.98,54.72,33.38,12.61,58.45,10.93,42.88,77.84,32.42,1.12,48.02,51.02,1.60,4.14,74.71,13.63,29.86,2.62,71.21,8.65,62.59,35.59,58.17,62.81,27.45,72.90,74.31,18.53,27.66,8.12,7.06,38.06,70.46,33.64,16.35,50.27,54.34,18.11,67.59,55.37,9.11,11.24,32.50,43.08,5.67,39.30,51.17,13.37,8.88,69.17,33.73,8.56,30.88,14.32,13.24,15.93,56.78,49.70,35.16,42.71,37.56,72.62,20.21,19.64,59.95,45.26,2.75,7.14,58.93,74.99,0.56,52.71,77.12,12.49
52.51,20.69,6.93,30.79,15.39,51.07,1.83,31.57,54.20,25.20,48.08,52.94,38.11,8.72,7.97,31.08,54.11,32.29,23.98,28.10,43.09,0.00,29.43,33.64,59.99,19.55,63.07,11.63,9.71,30.48,15.36,32.16,0.21,34.75,10.67,41.97,4.93,7.93,41.49,47.23,31.62,29.46,13.23,40.47,28.12,51.74,19.50,7.50,15.08,19.72,15.64,29.81,31.22,61.62,15.43,34.97,50.15,5.03,27.37,9.45,59.44,7.18,11.25,61.20,24.50,12.28,52.20,54.33,10.59,0.01,37.42,3.79,8.08,56.46,51.97,26.08,9.35,51.65,12.21,28.77,56.33,59.02,13.69,6.61,7.93,0.38,5.53,29.54,22.88,23.45,16.86,2.17,40.34,50.23,15.84,31.90,42.53,9.62,34.03,55.58
81.94,8.74,22.50,60.22,44.82,80.50,27.59,61.00,83.63,4.23,77.51,82.37,67.53,20.71,37.40,1.65,83.54,61.72,5.45,1.33,72.52,29.43,0.00,63.07,89.42,9.88,92.50,17.80,39.14,59.91,14.07,61.59,29.64,5.32,40.09,71.40,24.50,21.50,70.92,76.66,2.19,58.89,42.66,69.90,1.31,81.17,9.93,36.93,14.35,9.71,45.07,0.38,1.79,91.04,44.86,64.40,79.58,34.46,2.06,38.88,88.87,22.25,18.18,90.63,4.93,17.15,81.63,83.76,40.02,29.44,66.85,33.22,21.35,85.89,81.40,3.35,38.78,81.08,41.64,58.20,85.76,88.45,15.74,22.81,37.36,29.81,34.96,0.11,52.31,52.88,12.57,27.26,69.77,79.66,13.58,2.47,71.96,19.81,4.60,85.01
18.87,54.33,40.57,2.85,18.25,17.43,35.48,2.07,20.55,58.84,14.43,19.30,4.46,42.36,25.67,64.73,20.47,1.35,57.62,61.74,9.45,33.64,63.07,0.00,26.34,53.19,29.43,45.27,23.93,3.16,49.00,1.48,33.43,68.39,22.98,8.33,38.57,41.57,7.85,13.59,65.26,4.18,20.41,6.82,61.77,18.10,53.14,26.15,48.73,53.36,18.00,63.45,64.86,27.97,18.21,1.33,16.51,28.61,61.02,24.19,25.80,40.82,44.89,27.56,58.14,45.92,18.56,20.69,23.05,33.63,3.78,29.85,41.72,22.82,18.33,59.72,24.29,18.01,21.43,4.88,22.69,25.38,47.34,40.26,25.71,33.27,28.12,63.18,10.77,10.19,50.50,35.81,6.70,16.59,49.49,65.54,8.89,43.26,67.67,21.94
7.48,80.67,66.92,29.19,44.60,8.91,61.82,28.42,5.79,85.18,11.91,7.05,21.88,68.70,52.02,91.07,5.88,27.70,83.97,88.09,16.90,59.99,89.42,26.34,0.00,79.54,3.08,71.62,50.28,29.51,75.35,27.83,59.77,94.74,49.32,18.02,64.92,67.92,18.50,12.76,91.60,30.52,46.76,19.52,88.11,8.24,79.49,52.49,75.07,79.71,44.35,89.79,91.21,1.63,44.56,25.01,9.84,54.96,87.36,50.54,0.54,67.16,71.24,1.21,84.48,72.27,7.78,5.65,49.40,59.98,22.57,56.19,68.06,3.53,8.02,86.07,50.63,8.33,47.77,31.22,3.66,0.97,73.68,66.60,52.06,59.61,54.46,89.52,37.11,36.54,76.85,62.16,19.64,9.76,75.83,91.88,17.45,69.60,94.02,4.41
72.06,1.14,12.62,50.34,34.94,70.62,17.71,51.12,73.75,5.65,67.63,72.49,57.65,10.83,27.52,11.53,73.66,51.84,4.43,8.55,62.64,19.55,9.88,53.19,79.54,0.00,82.62,7.92,29.26,50.03,4.19,51.71,19.76,15.20,30.21,61.52,14.62,11.62,61.04,66.78,12.07,49.01,32.78,60.02,8.57,71.29,0.05,27.04,4.47,0.17,35.19,10.26,11.67,81.16,34.98,54.52,69.70,24.58,7.82,29.00,78.99,12.37,8.30,80.75,4.95,7.27,71.75,73.88,30.14,19.56,56.97,23.34,11.47,76.01,71.52,6.53,28.90,71.20,31.76,48.32,75.88,78.57,5.86,12.93,27.48,19.92,25.08,9.99,42.43,43.00,2.69,17.38,59.89,69.78,3.70,12.35,62.08,9.93,14.48,75.13
10.56,83.76,70.00,32.28,47.68,12.00,64.90,31.50,8.87,88.27,14.99,10.13,24.96,71.79,55.10,94.15,8.96,30.78,87.05,91.17,19.98,63.07,92.50,29.43,3.08,82.62,0.00,74.70,53.36,32.59,78.43,30.91,62.86,97.82,52.40,21.10,68.00,71.00,21.58,15.84,94.69,33.61,49.84,22.60,91.19,11.33,82.57,55.57,78.15,82.79,47.43,92.88,94.29,1.45,47.64,28.10,12.92,58.04,90.44,53.62,3.62,70.25,74.32,1.87,87.57,75.35,10.87,8.74,52.48,63.06,25.65,59.28,71.15,6.61,11.10,89.15,53.71,11.42,50.86,34.30,6.74,4.05,76.76,69.68,55.14,62.69,57.54,92.60,40.19,39.62,79.93,65.24,22.73,12.84,78.91,94.97,20.54,72.69,97.10,7.49
64.14,9.06,4.70,42.42,27.02,62.70,9.80,43.20,65.83,13.57,59.71,64.57,49.74,2.91,19.60,19.45,65.74,43.92,12.35,16.47,54.72,11.63,17.80,45.27,71.62,7.92,74.70,0.00,21.34,42.11,3.73,43.79,11.84,23.12,22.30,53.60,6.70,3.70,53.12,58.86,19.99,41.09,24.86,52.10,16.49,63.37,7.87,19.13,3.45,8.09,27.27,18.18,19.59,73.25,27.06,46.60,61.78,16.66,15.74,21.08,71.07,4.45,0.38,72.83,12.87,0.65,63.83,65.96,22.22,11.64,49.05,15.42,3.55,68.09,63.60,14.45,20.98,63.28,23.84,40.40,67.96,70.65,2.06,5.02,19.56,12.01,17.16,17.90,34.51,35.08,5.23,9.46,51.97,61.86,4.21,20.27,54.16,2.01,22.40,67.21
42.80,30.39,16.64,21.09,5.68,41.37,11.54,21.86,44.49,34.91,38.37,43.23,28.40,18.43,1.74,40.79,44.40,22.58,33.69,37.81,33.38,9.71,39.14,23.93,50.28,29.26,53.36,21.34,0.00,20.77,25.07,22.45,9.50,44.46,0.96,32.26,14.64,17.64,31.78,37.52,41.33,19.76,3.52,30.76,37.83,42.03,29.21,2.21,24.79,29.43,5.93,39.51,40.93,51.91,5.72,25.27,40.44,4.68,37.08,0.26,49.74,16.88,20.96,51.49,34.21,21.99,42.50,44.63,0.88,9.70,27.71,5.92,17.78,46.75,42.26,35.79,0.35,41.94,2.51,19.06,46.62,49.31,23.40,16.32,1.78,9.33,4.18,39.24,13.17,13.74,26.57,11.88,30.64,40.52,25.55,41.60,32.83,19.33,43.74,45.87
22.03,51.17,37.41,0.31,15.09,20.59,32.31,1.09,23.72,55.68,17.60,22.46,7.63,39.20,22.51,61.56,23.63,1.81,54.46,58.58,12.61,30.48,59.91,3.16,29.51,50.03,32.59,42.11,20.77,0.00,45.84,1.68,30.27,65.23,19.81,11.49,35.41,38.41,11.01,16.75,62.10,1.02,17.25,9.99,58.60,21.26,49.98,22.98,45.56,50.20,14.84,60.29,61.70,31.14,15.05,4.49,19.67,25.45,57.85,21.03,28.96,37.66,41.73,30.72,54.98,42.76,21.72,23.85,19.89,30.47,6.94,26.69,38.56,25.98,21.49,56.56,21.13,21.17,18.27,1.71,25.85,28.54,44.17,37.09,22.55,30.10,24.95,60.01,7.60,7.03,47.34,32.65,9.86,19.75,46.32,62.38,12.05,40.10,64.51,25.10
67.87,5.33,8.43,46.15,30.75,66.43,13.52,46.93,69.56,9.84,63.44,68.30,53.46,6.64,23.33,15.73,69.47,47.65,8.62,12.74,58.45,15.36,14.07,49.00,75.35,4.19,78.43,3.73,25.07,45.84,0.00,47.52,15.57,19.39,26.02,57.33,10.43,7.43,56.85,62.59,16.26,44.82,28.59,55.83,12.76,67.10,4.14,22.85,0.28,4.36,31.00,14.45,15.86,76.97,30.79,50.33,65.51,20.39,12.01,24.81,74.80,8.18,4.11,76.56,9.14,3.08,67.56,69.69,25.95,15.37,52.78,19.15,7.28,71.82,67.33,10.72,24.71,67.01,27.57,44.13,71.69,74.38,1.66,8.74,23.29,15.73,20.89,14.18,38.24,38.81,1.50,13.19,55.70,65.59,0.49,16.54,57.89,5.74,18.67,70.94
20.35,52.84,39.09,1.36,16.77,18.92,33.99,0.59,22.04,57.36,15.92,20.78,5.95,40.88,24.19,63.24,21.95,0.13,56.14,60.26,10.93,32.16,61.59,1.48,27.83,51.71,30.91,43.79,22.45,1.68,47.52,0.00,31.95,66.91,21.49,9.81,37.09,40.09,9.33,15.07,63.78,2.69,18.93,8.31,60.28,19.58,51.66,24.66,47.24,51.88,16.52,61.97,63.38,29.46,16.73,2.82,17.99,27.13,59.53,22.71,27.29,39.33,43.41,29.04,56.66,44.44,20.05,22.18,21.57,32.15,5.26,28.37,40.23,24.30,19.81,58.24,22.80,19.49,19.95,3.39,24.17,26.86,45.85,38.77,24.23,31.78,26.63,61.69,9.28,8.71,49.02,34.33,8.19,18.07,48.00,64.05,10.38,41.78,66.19,23.42
52.30,20.90,7.14,30.58,15.18,50.86,2.05,31.36,53.98,25.41,47.86,52.73,37.89,8.93,7.76,31.30,53.89,32.08,24.20,28.31,42.88,0.21,29.64,33.43,59.77,19.76,62.86,11.84,9.50,30.27,15.57,31.95,0.00,34.96,10.45,41.76,5.15,8.14,41.28,47.02,31.83,29.25,13.02,40.25,28.34,51.53,19.71,7.28,15.30,19.93,15.43,30.02,31.43,61.40,15.22,34.76,49.94,4.82,27.59,9.24,59.23,7.39,11.47,60.99,24.71,12.50,51.99,54.12,10.38,0.20,37.21,3.58,8.29,56.25,51.76,26.29,9.14,51.44,12.00,28.55,56.12,58.81,13.91,6.83,7.72,0.16,5.31,29.75,22.66,23.23,17.08,2.38,40.13,50.02,16.06,32.11,42.32,9.83,34.25,55.37
87.26,14.07,27.82,65.54,50.14,85.82,32.92,66.32,88.95,9.55,82.83,87.69,72.86,26.03,42.72,3.67,88.86,67.04,10.77,6.65,77.84,34.75,5.32,68.39,94.74,15.20,97.82,23.12,44.46,65.23,19.39,66.91,34.96,0.00,45.42,76.72,29.82,26.82,76.24,81.98,3.13,64.22,47.98,75.22,6.63,86.49,15.25,42.25,19.67,15.03,50.39,4.94,3.53,96.37,50.18,69.72,84.90,39.78,7.38,44.20,94.20,27.57,23.50,95.95,10.25,22.47,86.96,89.09,45.34,34.76,72.17,38.54,26.67,91.21,86.72,8.67,44.11,86.40,46.96,63.52,91.08,93.77,21.06,28.14,42.68,35.13,40.28,5.22,57.63,58.20,17.89,32.58,75.10,84.98,18.91,2.86,77.29,25.13,0.72,90.33
41.85,31.35,17.59,20.13,4.72,40.41,12.50,20.91,43.53,35.86,37.41,42.28,27.44,19.38,2.70,41.75,43.44,21.62,34.65,38.76,32.42,10.67,40.09,22.98,49.32,30.21,52.40,22.30,0.96,19.81,26.02,21.49,10.45,45.42,0.00,31.30,15.60,18.59,30.82,36.57,42.28,18.80,2.56,29.80,38.79,41.08,30.16,3.17,25.75,30.38,4.97,40.47,41.88,50.95,4.77,24.31,39.48,5.64,38.04,1.22,48.78,17.84,21.92,50.53,35.16,22.95,41.54,43.67,0.07,10.65,26.75,6.87,18.74,45.79,41.30,36.75,1.31,40.99,1.55,18.10,45.67,48.35,24.36,17.28,2.73,10.29,5.14,40.20,12.21,12.78,27.53,12.84,29.68,39.57,26.51,42.56,31.87,20.28,44.70,44.92
10.54,62.65,48.90,11.17,26.58,9.11,43.80,10.40,12.23,67.17,6.11,10.97,3.86,50.69,34.00,73.05,12.14,9.68,65.95,70.07,1.12,41.97,71.40,8.33,18.02,61.52,21.10,53.60,32.26,11.49,57.33,9.81,41.76,76.72,31.30,0.00,46.90,49.90,0.48,5.26,73.59,12.50,28.74,1.50,70.09,9.77,61.47,34.47,57.05,61.69,26.33,71.78,73.19,19.65,26.54,6.99,8.18,36.94,69.34,32.52,17.48,49.14,53.22,19.23,66.47,54.25,10.24,12.37,31.38,41.96,4.55,38.18,50.04,14.49,10.00,68.05,32.61,9.68,29.76,13.20,14.36,17.05,55.66,48.58,34.04,41.59,36.44,71.50,19.09,18.52,58.83,44.14,1.62,8.26,57.81,73.86,0.57,51.59,76.00,13.61
57.44,15.75,2.00,35.73,20.32,56.01,3.10,36.50,59.13,20.26,53.01,57.87,43.04,3.79,12.90,26.15,59.04,37.22,19.05,23.17,48.02,4.93,24.50,38.57,64.92,14.62,68.00,6.70,14.64,35.41,10.43,37.09,5.15,29.82,15.60,46.90,0.00,3.00,46.42,52.16,26.69,34.40,18.16,45.40,23.19,56.68,14.57,12.43,10.15,14.79,20.57,24.87,26.29,66.55,20.36,39.91,55.08,9.96,22.44,14.38,64.38,2.24,6.32,66.13,19.57,7.35,57.14,59.27,15.52,4.94,42.35,8.72,3.14,61.39,56.90,21.15,14.29,56.59,17.15,33.70,61.26,63.95,8.76,1.68,12.86,5.31,10.46,24.60,27.81,28.38,11.93,2.76,45.28,55.16,10.91,26.96,47.47,4.69,29.10,60.51
60.44,12.76,1.00,38.72,23.32,59.00,6.09,39.50,62.13,17.27,56.01,60.87,46.03,0.79,15.90,23.15,62.04,40.22,16.05,20.17,51.02,7.93,21.50,41.57,67.92,11.62,71.00,3.70,17.64,38.41,7.43,40.09,8.14,26.82,18.59,49.90,3.00,0.00,49.42,55.16,23.69,37.39,21.16,48.40,20.19,59.67,11.57,15.43,7.15,11.79,23.57,21.88,23.29,69.54,23.36,42.90,58.08,12.96,19.44,17.38,67.37,0.75,3.32,69.13,16.57,4.35,60.13,62.26,18.52,7.94,45.35,11.72,0.15,64.39,59.90,18.15,17.28,59.58,20.14,36.70,64.26,66.95,5.76,1.32,15.86,8.31,13.46,21.61,30.81,31.38,8.93,5.76,48.27,58.16,7.92,23.97,50.46,1.69,26.10,63.51
11.02,62.18,48.42,10.70,26.10,9.58,43.32,9.92,12.71,66.69,6.59,11.45,3.38,50.21,33.52,72.57,12.62,9.20,65.47,69.59,1.60,41.49,70.92,7.85,18.50,61.04,21.58,53.12,31.78,11.01,56.85,9.33,41.28,76.24,30.82,0.48,46.42,49.42,0.00,5.74,73.11,12.03,28.26,1.02,69.61,10.25,60.99,33.99,56.57,61.21,25.85,71.30,72.71,20.13,26.06,6.52,8.66,36.46,68.86,32.04,17.96,48.67,52.74,19.71,65.99,53.77,10.72,12.85,30.90,41.48,4.07,37.70,49.57,14.97,10.48,67.57,32.13,10.16,29.28,12.72,14.84,17.53,55.18,48.10,33.56,41.11,35.96,71.02,18.61,18.04,58.35,43.66,1.14,8.74,57.33,73.38,1.04,51.11,75.52,14.09
5.28,67.92,54.16,16.44,31.84,3.84,49.07,15.66,6.97,72.43,0.85,5.71,9.13,55.95,39.26,78.31,6.88,14.94,71.21,75.33,4.14,47.23,76.66,13.59,12.76,66.78,15.84,58.86,37.52,16.75,62.59,15.07,47.02,81.98,36.57,5.26,52.16,55.16,5.74,0.00,78.85,17.77,34.00,6.76,75.35,4.51,66.73,39.73,62.31,66.95,31.59,77.04,78.45,14.38,31.80,12.26,2.92,42.20,74.60,37.78,12.21,54.41,58.48,13.97,71.73,59.51,4.97,7.10,36.64,47.22,9.81,43.44,55.31,9.23,4.74,73.31,37.88,4.42,35.02,18.46,9.10,11.79,60.92,53.85,39.30,46.86,41.70,76.77,24.35,23.78,64.09,49.40,6.89,3.00,63.08,79.13,4.70,56.85,81.26,8.35
84.13,10.93,24.69,62.41,47.01,82.69,29.78,63.19,85.82,6.42,79.69,84.56,69.72,22.90,39.59,0.53,85.73,63.91,7.64,3.52,74.71,31.62,2.19,65.26,91.60,12.07,94.69,19.99,41.33,62.10,16.26,63.78,31.83,3.13,42.28,73.59,26.69,23.69,73.11,78.85,0.00,61.08,44.85,72.08,3.49,83.36,12.12,39.11,16.53,11.90,47.26,1.81,0.40,93.23,47.05,66.59,81.77,36.65,4.24,41.07,91.06,24.44,20.37,92.82,7.12,19.34,83.82,85.95,42.21,31.63,69.04,35.41,23.54,88.08,83.59,5.54,40.97,83.27,43.83,60.38,87.95,90.64,17.92,25.00,39.55,31.99,37.14,2.08,54.49,55.07,14.76,29.45,71.96,81.85,15.77,0.28,74.15,22.00,2.41,87.20
23.05,50.15,36.39,1.33,14.08,21.61,31.30,2.11,24.73,54.66,18.61,23.48,8.64,38.18,21.49,60.55,24.64,2.83,53.45,57.56,13.63,29.46,58.89,4.18,30.52,49.01,33.61,41.09,19.76,1.02,44.82,2.69,29.25,64.22,18.80,12.50,34.40,37.39,12.03,17.77,61.08,0.00,16.23,11.00,57.59,22.28,48.96,21.97,44.55,49.18,13.83,59.27,60.68,32.15,14.03,5.51,20.69,24.43,56.84,20.02,29.98,36.64,40.72,31.74,53.96,41.75,22.74,24.87,18.87,29.45,7.96,25.67,37.54,26.99,22.51,55.54,20.11,22.19,17.25,0.70,26.87,29.55,43.16,36.08,21.53,29.09,23.94,59.00,6.59,6.02,46.33,31.64,10.88,20.77,45.31,61.36,13.07,39.08,63.50,26.12
39.28,33.92,20.16,17.56,2.16,37.84,15.06,18.34,40.97,38.43,34.85,39.71,24.88,21.95,5.26,44.31,40.88,19.06,37.21,41.33,29.86,13.23,42.66,20.41,46.76,32.78,49.84,24.86,3.52,17.25,28.59,18.93,13.02,47.98,2.56,28.74,18.16,21.16,28.26,34.00,44.85,16.23,0.00,27.24,41.35,38.51,32.73,5.73,28.31,32.95,2.41,43.04,44.45,48.39,2.20,21.74,36.92,8.20,40.60,3.78,46.22,20.41,24.48,47.97,37.73,25.51,38.98,41.10,2.64,13.22,24.19,9.44,21.31,43.23,38.74,39.31,3.87,38.42,1.02,15.54,43.10,45.79,26.92,19.84,5.30,12.85,7.70,42.76,9.65,10.22,30.09,15.40,27.11,37.00,29.07,45.12,29.30,22.85,47.26,42.35
12.04,61.15,47.40,9.67,25.08,10.61,42.30,8.90,13.73,65.66,7.61,12.47,2.36,49.18,32.50,71.55,13.64,8.18,64.45,68.57,2.62,40.47,69.90,6.82,19.52,60.02,22.60,52.10,30.76,9.99,55.83,8.31,40.25,75.22,29.80,1.50,45.40,48.40,1.02,6.76,72.08,11.00,27.24,0.00,68.59,11.28,59.97,32.97,55.55,60.19,24.83,70.27,71.69,21.15,25.04,5.49,9.68,35.44,67.84,31.02,18.98,47.64,51.72,20.73,64.96,52.75,11.74,13.87,29.88,40.46,3.05,36.67,48.54,15.99,11.50,66.55,31.11,11.19,28.25,11.70,15.86,18.55,54.16,47.08,32.54,40.09,34.94,70.00,17.59,17.02,57.33,42.64,0.12,9.76,56.31,72.36,2.07,50.08,74.50,15.11
80.63,7.44,21.19,58.92,43.51,79.20,26.29,59.69,82.32,2.93,76.20,81.06,66.23,19.40,36.09,2.96,82.23,60.41,4.14,0.02,71.21,28.12,1.31,61.77,88.11,8.57,91.19,16.49,37.83,58.60,12.76,60.28,28.34,6.63,38.79,70.09,23.19,20.19,69.61,75.35,3.49,57.59,41.35,68.59,0.00,79.87,8.62,35.62,13.04,8.40,43.76,1.68,3.10,89.74,43.55,63.10,78.27,33.15,0.75,37.57,87.57,20.95,16.87,89.32,3.62,15.84,80.33,82.46,38.71,28.13,65.54,31.92,20.05,84.58,80.09,2.04,37.48,79.78,40.34,56.89,84.45,87.14,14.43,21.51,36.05,28.50,33.65,1.41,51.00,51.57,11.26,25.95,68.47,78.35,12.28,3.77,70.66,18.51,5.91,83.70
0.77,72.43,58.67,20.95,36.35,0.67,53.58,20.17,2.45,76.94,3.67,1.20,13.64,60.46,43.77,82.83,2.36,19.45,75.72,79.84,8.65,51.74,81.17,18.10,8.24,71.29,11.33,63.37,42.03,21.26,67.10,19.58,51.53,86.49,41.08,9.77,56.68,59.67,10.25,4.51,83.36,22.28,38.51,11.28,79.87,0.00,71.24,44.25,66.83,71.46,36.10,81.55,82.96,9.87,36.31,16.77,1.59,46.71,79.12,42.29,7.70,58.92,62.99,9.46,76.24,64.03,0.46,2.59,41.15,51.73,14.32,47.95,59.82,4.72,0.23,77.82,42.39,0.09,39.53,22.98,4.59,7.28,65.44,58.36,43.81,51.37,46.22,81.28,28.87,28.30,68.61,53.91,11.40,1.51,67.59,83.64,9.21,61.36,85.78,3.84
72.01,1.19,12.57,50.29,34.89,70.57,17.66,51.07,73.70,5.70,67.58,72.44,57.60,10.78,27.47,11.58,73.61,51.79,4.48,8.60,62.59,19.50,9.93,53.14,79.49,0.05,82.57,7.87,29.21,49.98,4.14,51.66,19.71,15.25,30.16,61.47,14.57,11.57,60.99,66.73,12.12,48.96,32.73,59.97,8.62,71.24,0.00,27.00,4.42,0.22,35.14,10.31,11.72,81.11,34.93,54.47,69.65,24.53,7.87,28.95,78.94,12.32,8.25,80.70,5.00,7.22,71.70,73.83,30.09,19.51,56.92,23.29,11.42,75.96,71.47,6.58,28.85,71.15,31.71,48.27,75.83,78.52,5.81,12.89,27.43,19.88,25.03,10.04,42.38,42.95,2.64,17.33,59.84,69.73,3.65,12.40,62.03,9.88,14.53,75.08
45.01,28.18,14.42,23.30,7.89,43.58,9.33,24.07,46.70,32.69,40.58,45.44,30.61,16.21,0.47,38.58,46.61,24.79,31.48,35.59,35.59,7.50,36.93,26.15,52.49,27.04,55.57,19.13,2.21,22.98,22.85,24.66,7.28,42.25,3.17,34.47,12.43,15.43,33.99,39.73,39.11,21.97,5.73,32.97,35.62,44.25,27.00,0.00,22.58,27.21,8.14,37.30,38.71,54.12,7.94,27.48,42.65,2.47,34.87,1.95,51.95,14.67,18.75,53.70,31.99,19.78,44.71,46.84,3.09,7.48,29.92,3.70,15.57,48.96,44.47,33.58,1.86,44.16,4.72,21.27,48.84,51.52,21.19,14.11,0.43,7.12,1.97,37.03,15.38,15.95,24.36,9.67,32.85,42.73,23.34,39.39,35.04,17.11,41.53,48.08
67.59,5.60,8.15,45.88,30.47,66.16,13.25,46.65,69.28,10.11,63.16,68.02,53.19,6.36,23.05,16.00,69.19,47.37,8.90,13.02,58.17,15.08,14.35,48.73,75.07,4.47,78.15,3.45,24.79,45.56,0.28,47.24,15.30,19.67,25.75,57.05,10.15,7.15,56.57,62.31,16.53,44.55,28.31,55.55,13.04,66.83,4.42,22.58,0.00,4.64,30.72,14.72,16.14,76.70,30.51,50.06,65.23,20.11,12.29,24.53,74.53,7.91,3.83,76.28,9.42,2.80,67.29,69.42,25.67,15.09,52.50,18.88,7.01,71.54,67.05,11.00,24.44,66.74,27.30,43.85,71.41,74.10,1.39,8.47,23.01,15.46,20.61,14.45,37.96,38.53,1.78,12.91,55.43,65.31,0.76,16.81,57.62,5.47,18.95,70.66
72.23,0.97,12.79,50.51,35.11,70.79,17.88,51.29,73.92,5.48,67.80,72.66,57.82,11.00,27.69,11.37,73.83,52.01,4.26,8.38,62.81,19.72,9.71,53.36,79.71,0.17,82.79,8.09,29.43,50.20,4.36,51.88,19.93,15.03,30.38,61.69,14.79,11.79,61.21,66.95,11.90,49.18,32.95,60.19,8.40,71.46,0.22,27.21,4.64,0.00,35.36,10.09,11.50,81.33,35.15,54.69,69.87,24.75,7.65,29.17,79.16,12.54,8.47,80.92,4.78,7.44,71.92,74.05,30.31,19.73,57.14,23.51,11.64,76.18,71.69,6.36,29.07,71.37,31.93,48.49,76.05,78.74,6.02,13.10,27.65,20.09,25.25,9.82,42.60,43.17,2.86,17.55,60.06,69.95,3.87,12.18,62.25,10.10,14.31,75.30
36.87,36.32,22.57,15.16,0.25,35.44,17.47,15.93,38.56,40.84,32.44,37.30,22.47,24.36,7.67,46.72,38.47,16.65,39.62,43.74,27.45,15.64,45.07,18.00,44.35,35.19,47.43,27.27,5.93,14.84,31.00,16.52,15.43,50.39,4.97,26.33,20.57,23.57,25.85,31.59,47.26,13.83,2.41,24.83,43.76,36.10,35.14,8.14,30.72,35.36,0.00,45.45,46.86,45.98,0.21,19.34,34.51,10.61,43.01,6.19,43.81,22.81,26.89,45.56,40.14,27.92,36.57,38.70,5.05,15.63,21.78,11.85,23.71,40.82,36.33,41.72,6.28,36.01,3.43,13.13,40.69,43.38,29.33,22.25,7.71,15.26,10.11,45.17,7.24,7.81,32.50,17.81,24.71,34.59,31.48,47.53,26.90,25.26,49.67,39.94
82.32,9.12,22.88,60.60,45.20,80.88,27.97,61.38,84.00,4.61,77.88,82.75,67.91,21.09,37.78,1.28,83.91,62.10,5.82,1.71,72.90,29.81,0.38,63.45,89.79,10.26,92.88,18.18,39.51,60.29,14.45,61.97,30.02,4.94,40.47,71.78,24.87,21.88,71.30,77.04,1.81,59.27,43.04,70.27,1.68,81.55,10.31,37.30,14.72,10.09,45.45,0.00,1.41,91.42,45.24,64.78,79.96,34.84,2.43,39.26,89.25,22.63,18.55,91.01,5.31,17.52,82.01,84.14,40.40,29.82,67.23,33.60,21.73,86.27,81.78,3.73,39.16,81.46,42.02,58.57,86.14,88.83,16.11,23.19,37.74,30.18,35.33,0.27,52.68,53.25,12.94,27.63,70.15,80.04,13.96,2.09,72.34,20.19,4.23,85.39
83.73,10.53,24.29,62.01,46.61,82.29,29.38,62.79,85.42,6.02,79.30,84.16,69.32,22.50,39.19,0.14,85.33,63.51,7.24,3.12,74.31,31.22,1.79,64.86,91.21,11.67,94.29,19.59,40.93,61.70,15.86,63.38,31.43,3.53,41.88,73.19,26.29,23.29,72.71,78.45,0.40,60.68,44.45,71.69,3.10,82.96,11.72,38.71,16.14,11.50,46.86,1.41,0.00,92.83,46.65,66.19,81.37,36.25,3.85,40.67,90.66,24.04,19.97,92.42,6.72,18.94,83.42,85.55,41.81,31.23,68.64,35.01,23.14,87.68,83.19,5.14,40.57,82.87,43.43,59.99,87.55,90.24,17.53,24.60,39.15,31.59,36.75,1.68,54.10,54.67,14.36,29.05,71.56,81.45,15.37,0.68,73.75,21.60,2.81,86.80
9.10,82.30,68.54,30.82,46.23,10.54,63.45,30.04,7.42,86.81,13.54,8.67,23.51,70.33,53.65,92.70,7.51,29.33,85.60,89.71,18.53,61.62,91.04,27.97,1.63,81.16,1.45,73.25,51.91,31.14,76.97,29.46,61.40,96.37,50.95,19.65,66.55,69.54,20.13,14.38,93.23,32.15,48.39,21.15,89.74,9.87,81.11,54.12,76.70,81.33,45.98,91.42,92.83,0.00,46.18,26.64,11.47,56.59,88.99,52.17,2.17,68.79,72.87,0.42,86.11,73.90,9.41,7.28,51.02,61.60,24.20,57.82,69.69,5.16,9.65,87.70,52.26,9.96,49.40,32.85,5.28,2.60,75.31,68.23,53.68,61.24,56.09,91.15,38.74,38.17,78.48,63.79,21.27,11.38,77.46,93.51,19.08,71.23,95.65,6.03
37.08,36.12,22.36,15.36,0.04,35.64,17.27,16.14,38.77,40.63,32.65,37.51,22.67,24.15,7.46,46.51,38.68,16.86,39.41,43.53,27.66,15.43,44.86,18.21,44.56,34.98,47.64,27.06,5.72,15.05,30.79,16.73,15.22,50.18,4.77,26.54,20.36,23.36,26.06,31.80,47.05,14.03,2.20,25.04,43.55,36.31,34.93,7.94,30.51,35.15,0.21,45.24,46.65,46.18,0.00,19.54,34.72,10.40,42.80,5.98,44.01,22.61,26.68,45.77,39.93,27.71,36.77,38.90,4.84,15.42,21.99,11.64,23.51,41.03,36.54,41.51,6.08,36.22,3.22,13.34,40.90,43.59,29.12,22.05,7.50,15.06,9.90,44.97,7.45,8.02,32.29,17.60,24.91,34.80,31.28,47.33,27.10,25.05,49.46,40.15
17.54,55.66,41.90,4.18,19.59,16.10,36.81,3.40,19.22,60.17,13.10,17.97,3.13,43.69,27.00,66.06,19.13,2.68,58.96,63.07,8.12,34.97,64.40,1.33,25.01,54.52,28.10,46.60,25.27,4.49,50.33,2.82,34.76,69.72,24.31,6.99,39.91,42.90,6.52,12.26,66.59,5.51,21.74,5.49,63.10,16.77,54.47,27.48,50.06,54.69,19.34,64.78,66.19,26.64,19.54,0.00,15.18,29.94,62.35,25.53,24.47,42.15,46.23,26.23,59.47,47.26,17.23,19.36,24.38,34.96,2.45,31.18,43.05,21.48,17.00,61.05,25.62,16.68,22.76,6.21,21.36,24.04,48.67,41.59,27.04,34.60,29.45,64.51,12.10,11.53,51.84,37.15,5.37,15.26,50.82,66.87,7.56,44.59,69.01,20.61
2.36,70.84,57.08,19.36,34.76,0.92,51.98,18.58,4.05,75.35,2.07,2.79,12.04,58.87,42.18,81.23,3.96,17.86,74.13,78.25,7.06,50.15,79.58,16.51,9.84,69.70,12.92,61.78,40.44,19.67,65.51,17.99,49.94,84.90,39.48,8.18,55.08,58.08,8.66,2.92,81.77,20.69,36.92,9.68,78.27,1.59,69.65,42.65,65.23,69.87,34.51,79.96,81.37,11.47,34.72,15.18,0.00,45.12,77.52,40.70,9.29,57.33,61.40,11.05,74.65,62.43,2.05,4.18,39.56,50.14,12.73,46.36,58.23,6.31,1.82,76.23,40.80,1.50,37.94,21.38,6.18,8.87,63.84,56.76,42.22,49.77,44.62,79.68,27.27,26.70,67.01,52.32,9.81,0.08,65.99,82.05,7.62,59.77,84.18,5.43
47.48,25.72,11.96,25.76,10.36,46.04,6.86,26.54,49.17,30.23,43.05,47.91,33.08,13.75,2.94,36.11,49.08,27.26,29.01,33.13,38.06,5.03,34.46,28.61,54.96,24.58,58.04,16.66,4.68,25.45,20.39,27.13,4.82,39.78,5.64,36.94,9.96,12.96,36.46,42.20,36.65,24.43,8.20,35.44,33.15,46.71,24.53,2.47,20.11,24.75,10.61,34.84,36.25,56.59,10.40,29.94,45.12,0.00,32.40,4.42,54.41,12.21,16.28,56.17,29.53,17.31,47.17,49.30,5.56,5.02,32.39,1.24,13.11,51.43,46.94,31.11,4.32,46.62,7.18,23.74,51.30,53.99,18.72,11.64,2.90,4.65,0.50,34.56,17.85,18.42,21.89,7.20,35.31,45.20,20.87,36.93,37.50,14.65,39.06,50.55
79.88,6.69,20.44,58.17,42.76,78.45,25.54,58.94,81.57,2.18,75.45,80.31,65.48,18.65,35.34,3.71,81.48,59.66,3.39,0.73,70.46,27.37,2.06,61.02,87.36,7.82,90.44,15.74,37.08,57.85,12.01,59.53,27.59,7.38,38.04,69.34,22.44,19.44,68.86,74.60,4.24,56.84,40.60,67.84,0.75,79.12,7.87,34.87,12.29,7.65,43.01,2.43,3.85,88.99,42.80,62.35,77.52,32.40,0.00,36.82,86.82,20.20,16.12,88.57,2.87,15.09,79.58,81.71,37.96,27.38,64.79,31.17,19.30,83.83,79.34,1.29,36.73,79.03,39.59,56.14,83.70,86.39,13.68,20.76,35.30,27.75,32.90,2.16,50.25,50.82,10.51,25.20,67.72,77.60,11.53,4.52,69.91,17.76,6.66,82.95
43.06,30.13,16.38,21.34,5.94,41.62,11.28,22.12,44.75,34.65,38.63,43.49,28.66,18.17,1.48,40.53,44.66,22.84,33.43,37.55,33.64,9.45,38.88,24.19,50.54,29.00,53.62,21.08,0.26,21.03,24.81,22.71,9.24,44.20,1.22,32.52,14.38,17.38,32.04,37.78,41.07,20.02,3.78,31.02,37.57,42.29,28.95,1.95,24.53,29.17,6.19,39.26,40.67,52.17,5.98,25.53,40.70,4.42,36.82,0.00,50.00,16.63,20.70,51.75,33.95,21.73,42.76,44.89,1.14,9.44,27.97,5.66,17.53,47.01,42.52,35.53,0.09,42.20,2.76,19.32,46.88,49.57,23.14,16.06,1.52,9.07,3.92,38.98,13.43,14.00,26.31,11.62,30.90,40.78,25.29,41.34,33.09,19.07,43.48,46.13
6.93,80.13,66.37,28.65,44.06,8.37,61.28,27.87,5.25,84.64,11.37,6.50,21.34,68.16,51.47,90.53,5.34,27.16,83.43,87.54,16.35,59.44,88.87,25.80,0.54,78.99,3.62,71.07,49.74,28.96,74.80,27.29,59.23,94.20,48.78,17.48,64.38,67.37,17.96,12.21,91.06,29.98,46.22,18.98,87.57,7.70,78.94,51.95,74.53,79.16,43.81,89.25,90.66,2.17,44.01,24.47,9.29,54.41,86.82,50.00,0.00,66.62,70.70,1.75,83.94,71.73,7.24,5.11,48.85,59.43,22.03,55.65,67.52,2.99,7.47,85.52,50.09,7.79,47.23,30.68,3.11,0.43,73.14,66.06,51.51,59.07,53.92,88.98,36.57,36.00,76.31,61.62,19.10,9.21,75.29,91.34,16.91,69.06,93.48,3.86
59.69,13.51,0.25,37.97,22.56,58.25,5.34,38.75,61.37,18.02,55.25,60.12,45.28,1.54,15.15,23.91,61.28,39.47,16.81,20.92,50.27,7.18,22.25,40.82,67.16,12.37,70.25,4.45,16.88,37.66,8.18,39.33,7.39,27.57,17.84,49.14,2.24,0.75,48.67,54.41,24.44,36.64,20.41,47.64,20.95,58.92,12.32,14.67,7.91,12.54,22.81,22.63,24.04,68.79,22.61,42.15,57.33,12.21,20.20,16.63,66.62,0.00,4.08,68.38,17.32,5.11,59.38,61.51,17.77,7.19,44.60,10.97,0.90,63.63,59.15,18.90,16.53,58.83,19.39,35.94,63.51,66.19,6.52,0.56,15.11,7.55,12.70,22.36,30.05,30.62,9.69,5.00,47.52,57.41,8.67,24.72,49.71,2.44,26.86,62.76
63.76,9.43,4.32,42.05,26.64,62.33,9.42,42.82,65.45,13.94,59.33,64.19,49.36,2.53,19.22,19.83,65.36,43.54,12.73,16.85,54.34,11.25,18.18,44.89,71.24,8.30,74.32,0.38,20.96,41.73,4.11,43.41,11.47,23.50,21.92,53.22,6.32,3.32,52.74,58.48,20.37,40.72,24.48,51.72,16.87,62.99,8.25,18.75,3.83,8.47,26.89,18.55,19.97,72.87,26.68,46.23,61.40,16.28,16.12,20.70,70.70,4.08,0.00,72.45,13.25,1.03,63.46,65.59,21.84,11.26,48.67,15.04,3.18,67.71,63.22,14.83,20.61,62.91,23.47,40.02,67.58,70.27,2.44,4.64,19.18,11.63,16.78,18.28,34.13,34.70,5.61,9.08,51.60,61.48,4.59,20.64,53.79,1.63,22.78,66.83
8.69,81.89,68.13,30.41,45.81,10.13,63.03,29.63,7.00,86.40,13.12,8.26,23.09,69.92,53.23,92.28,7.09,28.91,85.18,89.30,18.11,61.20,90.63,27.56,1.21,80.75,1.87,72.83,51.49,30.72,76.56,29.04,60.99,95.95,50.53,19.23,66.13,69.13,19.71,13.97,92.82,31.74,47.97,20.73,89.32,9.46,80.70,53.70,76.28,80.92,45.56,91.01,92.42,0.42,45.77,26.23,11.05,56.17,88.57,51.75,1.75,68.38,72.45,0.00,85.70,73.48,9.00,6.87,50.61,61.19,23.78,57.41,69.28,4.74,9.23,87.28,51.84,9.55,48.99,32.43,4.87,2.18,74.89,67.81,53.27,60.82,55.67,90.73,38.32,37.75,78.06,63.37,20.86,10.97,77.04,93.09,18.67,70.82,95.23,5.62
77.01,3.81,17.57,55.29,39.89,75.57,22.66,56.07,78.70,0.70,72.58,77.44,62.60,15.78,32.47,6.59,78.61,56.79,0.52,3.60,67.59,24.50,4.93,58.14,84.48,4.95,87.57,12.87,34.21,54.98,9.14,56.66,24.71,10.25,35.16,66.47,19.57,16.57,65.99,71.73,7.12,53.96,37.73,64.96,3.62,76.24,5.00,31.99,9.42,4.78,40.14,5.31,6.72,86.11,39.93,59.47,74.65,29.53,2.87,33.95,83.94,17.32,13.25,85.70,0.00,12.22,76.70,78.83,35.09,24.51,61.92,28.29,16.42,80.96,76.47,1.58,33.85,76.15,36.71,53.27,80.83,83.52,10.80,17.88,32.43,24.87,30.03,5.04,47.38,47.95,7.64,22.33,64.84,74.73,8.65,7.40,67.03,14.88,9.53,80.08
64.79,8.40,5.35,43.08,27.67,63.36,10.45,43.85,66.48,12.91,60.36,65.22,50.39,3.56,20.25,18.80,66.39,44.57,11.70,15.82,55.37,12.28,17.15,45.92,72.27,7.27,75.35,0.65,21.99,42.76,3.08,44.44,12.50,22.47,22.95,54.25,7.35,4.35,53.77,59.51,19.34,41.75,25.51,52.75,15.84,64.03,7.22,19.78,2.80,7.44,27.92,17.52,18.94,73.90,27.71,47.26,62.43,17.31,15.09,21.73,71.73,5.11,1.03,73.48,12.22,0.00,64.49,66.62,22.87,12.29,49.70,16.07,4.21,68.74,64.25,13.80,21.64,63.94,24.50,41.05,68.61,71.30,1.41,5.67,20.21,12.66,17.81,17.25,35.16,35.73,4.58,10.11,52.63,62.51,3.56,19.61,54.82,2.66,21.75,67.86
0.31,72.89,59.13,21.41,36.82,1.13,54.04,20.63,1.99,77.40,4.13,0.74,14.10,60.92,44.23,83.29,1.90,19.92,76.19,80.30,9.11,52.20,81.63,18.56,7.78,71.75,10.87,63.83,42.50,21.72,67.56,20.05,51.99,86.96,41.54,10.24,57.14,60.13,10.72,4.97,83.82,22.74,38.98,11.74,80.33,0.46,71.70,44.71,67.29,71.92,36.57,82.01,83.42,9.41,36.77,17.23,2.05,47.17,79.58,42.76,7.24,59.38,63.46,9.00,76.70,64.49,0.00,2.13,41.61,52.19,14.78,48.41,60.28,4.25,0.23,78.28,42.85,0.55,39.99,23.44,4.13,6.81,65.90,58.82,44.27,51.83,46.68,81.74,29.33,28.76,69.07,54.38,11.86,1.97,68.05,84.10,9.67,61.82,86.24,3.38
1.82,75.02,61.26,23.54,38.95,3.26,56.17,22.76,0.14,79.53,6.26,1.39,16.23,63.05,46.36,85.42,0.23,22.04,78.32,82.43,11.24,54.33,83.76,20.69,5.65,73.88,8.74,65.96,44.63,23.85,69.69,22.18,54.12,89.09,43.67,12.37,59.27,62.26,12.85,7.10,85.95,24.87,41.10,13.87,82.46,2.59,73.83,46.84,69.42,74.05,38.70,84.14,85.55,7.28,38.90,19.36,4.18,49.30,81.71,44.89,5.11,61.51,65.59,6.87,78.83,66.62,2.13,0.00,43.74,54.32,16.91,50.54,62.41,2.12,2.36,80.41,44.98,2.68,42.12,25.57,2.00,4.68,68.03,60.95,46.40,53.96,48.81,83.87,31.46,30.89,71.20,56.51,13.99,4.10,70.18,86.23,11.80,63.95,88.37,1.25
