0.00,3.82,42.14,22.21,40.89,23.11,19.63,2.70,39.07,50.79,54.08,21.66,18.16,42.12,37.64,45.12,41.26,24.55,34.21,40.12,31.89,23.03,41.92,1.98,11.35,47.78,16.92,49.44,35.26,53.56
3.82,0.00,38.31,18.39,37.07,19.29,23.45,6.52,42.89,46.97,50.26,25.48,14.34,38.30,41.46,41.30,45.08,28.38,38.03,43.94,28.07,19.21,45.74,1.84,15.17,43.96,20.75,45.61,39.08,49.74
42.14,38.31,0.00,19.92,1.25,19.03,61.77,44.84,81.21,8.65,11.94,63.79,23.98,0.02,79.77,2.98,83.40,66.69,76.35,82.25,10.24,19.10,84.05,40.15,53.49,5.65,59.06,7.30,77.40,11.42
22.21,18.39,19.92,0.00,18.68,0.90,41.84,24.91,61.28,28.58,31.87,43.87,4.05,19.91,59.85,22.91,63.47,46.77,56.42,62.33,9.68,0.82,64.13,20.23,33.56,25.57,39.14,27.22,57.47,31.35
40.89,37.07,1.25,18.68,0.00,17.78,60.52,43.59,79.96,9.90,13.19,62.55,22.73,1.23,78.52,4.23,82.15,65.44,75.10,81.00,8.99,17.86,82.80,38.91,52.24,6.90,57.81,8.55,76.15,12.67
23.11,19.29,19.03,0.90,17.78,0.00,42.74,25.81,62.18,27.68,30.97,44.77,4.95,19.01,60.75,22.01,64.37,47.66,57.32,63.23,8.78,0.08,65.03,21.13,34.46,24.67,40.04,26.33,58.37,30.45
19.63,23.45,61.77,41.84,60.52,42.74,0.00,16.93,19.44,70.42,73.71,2.03,37.79,61.75,18.01,64.75,21.63,4.92,14.58,20.49,51.52,42.66,22.29,21.61,8.28,67.41,2.71,69.07,15.63,73.19
2.70,6.52,44.84,24.91,43.59,25.81,16.93,0.00,36.37,53.49,56.78,18.96,20.86,44.82,34.93,47.82,38.56,21.85,31.51,37.41,34.60,25.73,39.21,4.69,8.65,50.49,14.22,52.14,32.56,56.26
39.07,42.89,81.21,61.28,79.96,62.18,19.44,36.37,0.00,89.86,93.15,17.41,57.23,81.19,1.43,84.19,2.19,14.52,4.86,1.05,70.96,62.10,2.85,41.05,27.72,86.85,22.14,88.51,3.81,92.63
50.79,46.97,8.65,28.58,9.90,27.68,70.42,53.49,89.86,0.00,3.29,72.45,32.63,8.67,88.43,5.67,92.05,75.35,85.00,90.91,18.90,27.76,92.71,48.81,62.14,3.01,67.72,1.35,86.05,2.77
54.08,50.26,11.94,31.87,13.19,30.97,73.71,56.78,93.15,3.29,0.00,75.74,35.92,11.96,91.72,8.96,95.34,78.63,88.29,94.20,22.19,31.05,96.00,52.10,65.43,6.30,71.01,4.64,89.34,0.52
21.66,25.48,63.79,43.87,62.55,44.77,2.03,18.96,17.41,72.45,75.74,0.00,39.82,63.78,15.98,66.78,19.60,2.90,12.56,18.46,53.55,44.69,20.26,23.64,10.31,69.44,4.73,71.09,13.60,75.21
18.16,14.34,23.98,4.05,22.73,4.95,37.79,20.86,57.23,32.63,35.92,39.82,0.00,23.96,55.80,26.96,59.42,42.71,52.37,58.28,13.74,4.87,60.08,16.18,29.51,29.63,35.08,31.28,53.42,35.40
42.12,38.30,0.02,19.91,1.23,19.01,61.75,44.82,81.19,8.67,11.96,63.78,23.96,0.00,79.76,3.00,83.38,66.67,76.33,82.24,10.23,19.09,84.04,40.14,53.47,5.66,59.04,7.32,77.38,11.44
37.64,41.46,79.77,59.85,78.52,60.75,18.01,34.93,1.43,88.43,91.72,15.98,55.80,79.76,0.00,82.75,3.62,13.08,3.42,2.48,69.53,60.67,4.28,39.62,26.29,85.42,20.71,87.07,2.37,91.19
45.12,41.30,2.98,22.91,4.23,22.01,64.75,47.82,84.19,5.67,8.96,66.78,26.96,3.00,82.75,0.00,86.38,69.67,79.33,85.23,13.22,22.09,87.04,43.14,56.47,2.67,62.04,4.32,80.38,8.44
41.26,45.08,83.40,63.47,82.15,64.37,21.63,38.56,2.19,92.05,95.34,19.60,59.42,83.38,3.62,86.38,0.00,16.71,7.05,1.14,73.15,64.29,0.66,43.24,29.91,89.04,24.34,90.70,6.00,94.82
24.55,28.38,66.69,46.77,65.44,47.66,4.92,21.85,14.52,75.35,78.63,2.90,42.71,66.67,13.08,69.67,16.71,0.00,9.66,15.56,56.45,47.59,17.36,26.54,13.20,72.34,7.63,73.99,10.71,78.11
34.21,38.03,76.35,56.42,75.10,57.32,14.58,31.51,4.86,85.00,88.29,12.56,52.37,76.33,3.42,79.33,7.05,9.66,0.00,5.90,66.11,57.24,7.70,36.20,22.86,82.00,17.29,83.65,1.05,87.77
40.12,43.94,82.25,62.33,81.00,63.23,20.49,37.41,1.05,90.91,94.20,18.46,58.28,82.24,2.48,85.23,1.14,15.56,5.90,0.00,72.01,63.15,1.80,42.10,28.77,87.90,23.19,89.55,4.85,93.67
31.89,28.07,10.24,9.68,8.99,8.78,51.52,34.60,70.96,18.90,22.19,53.55,13.74,10.23,69.53,13.22,73.15,56.45,66.11,72.01,0.00,8.86,73.81,29.91,43.24,15.89,48.82,17.54,67.16,21.66
23.03,19.21,19.10,0.82,17.86,0.08,42.66,25.73,62.10,27.76,31.05,44.69,4.87,19.09,60.67,22.09,64.29,47.59,57.24,63.15,8.86,0.00,64.95,21.05,34.38,24.75,39.96,26.40,58.29,30.53
41.92,45.74,84.05,64.13,82.80,65.03,22.29,39.21,2.85,92.71,96.00,20.26,60.08,84.04,4.28,87.04,0.66,17.36,7.70,1.80,73.81,64.95,0.00,43.90,30.57,89.70,24.99,91.35,6.65,95.47
1.98,1.84,40.15,20.23,38.91,21.13,21.61,4.69,41.05,48.81,52.10,23.64,16.18,40.14,39.62,43.14,43.24,26.54,36.20,42.10,29.91,21.05,43.90,0.00,13.33,45.80,18.91,47.45,37.25,51.57
11.35,15.17,53.49,33.56,52.24,34.46,8.28,8.65,27.72,62.14,65.43,10.31,29.51,53.47,26.29,56.47,29.91,13.20,22.86,28.77,43.24,34.38,30.57,13.33,0.00,59.13,5.57,60.79,23.91,64.91
47.78,43.96,5.65,25.57,6.90,24.67,67.41,50.49,86.85,3.01,6.30,69.44,29.63,5.66,85.42,2.67,89.04,72.34,82.00,87.90,15.89,24.75,89.70,45.80,59.13,0.00,64.71,1.65,83.05,5.77
16.92,20.75,59.06,39.14,57.81,40.04,2.71,14.22,22.14,67.72,71.01,4.73,35.08,59.04,20.71,62.04,24.34,7.63,17.29,23.19,48.82,39.96,24.99,18.91,5.57,64.71,0.00,66.36,18.34,70.48
49.44,45.61,7.30,27.22,8.55,26.33,69.07,52.14,88.51,1.35,4.64,71.09,31.28,7.32,87.07,4.32,90.70,73.99,83.65,89.55,17.54,26.40,91.35,47.45,60.79,1.65,66.36,0.00,84.70,4.12
35.26,39.08,77.40,57.47,76.15,58.37,15.63,32.56,3.81,86.05,89.34,13.60,53.42,77.38,2.37,80.38,6.00,10.71,1.05,4.85,67.16,58.29,6.65,37.25,23.91,83.05,18.34,84.70,0.00,88.82
53.56,49.74,11.42,31.35,12.67,30.45,73.19,56.26,92.63,2.77,0.52,75.21,35.40,11.44,91.19,8.44,94.82,78.11,87.77,93.67,21.66,30.53,95.47,51.57,64.91,5.77,70.48,4.12,88.82,0.00
