0.00,71.63,17.52,54.68,65.11,13.99,44.44,52.69,40.63,4.42,20.14,72.71,83.52,7.61,16.27,48.80,74.99,5.94,80.11,49.31,24.69,70.94,39.78,39.52,47.38,11.09,65.38,36.22,54.45,0.07,10.24,45.57,62.02,12.38,29.63,4.98,47.26,7.26,80.66,55.05,19.31,69.78,26.12,3.78,17.58,78.02,37.74,24.49,60.67,0.46,1.02,10.05,18.44,81.19,77.98,6.31,21.96,28.56,12.98,13.70,16.00,83.84,24.24,46.85,76.71,0.91,17.98,71.50,21.37,69.03,76.16,6.66,35.53,1.94,3.44,3.51,70.28,51.68,21.06,42.48,27.81,41.22,38.72,18.32,30.06,48.08,13.90,78.27,23.55,83.53,13.89,81.26,8.43,11.62,85.98,19.43,27.38,9.67,77.48,9.47
71.63,0.00,54.10,16.94,6.52,57.64,27.19,18.94,31.00,67.21,51.49,1.08,11.89,64.01,55.36,22.83,3.36,77.57,8.48,22.32,46.94,0.69,31.85,32.10,24.25,60.54,6.25,35.41,17.18,71.55,61.38,26.06,9.60,59.25,42.00,66.65,24.37,64.37,9.03,16.58,52.32,1.85,45.51,67.85,54.05,6.39,33.89,47.14,10.96,71.16,72.65,61.58,53.19,9.56,6.35,77.94,49.67,43.07,58.65,57.93,55.63,12.21,47.39,24.78,5.08,72.54,53.65,0.13,50.26,2.60,4.53,64.97,36.10,69.69,75.07,68.12,1.35,19.95,50.57,29.15,43.82,30.41,32.91,53.31,41.57,23.55,57.73,6.64,48.07,11.90,57.74,9.63,63.20,60.01,14.35,52.20,44.25,61.96,5.86,62.16
17.52,54.10,0.00,37.16,47.58,3.53,26.92,35.16,23.11,13.11,2.61,55.19,66.00,9.91,1.25,31.28,57.47,23.46,62.59,31.79,7.16,53.42,22.25,22.00,29.85,6.44,47.85,18.69,36.93,17.45,7.28,28.04,44.50,5.15,12.11,12.55,29.73,10.27,63.14,37.52,1.78,52.26,8.59,13.75,0.06,60.50,20.21,6.97,43.14,17.06,18.54,7.47,0.91,63.67,60.45,23.84,4.43,11.04,4.54,3.82,1.52,66.32,6.71,29.33,59.18,18.43,0.45,53.98,3.84,51.50,58.64,10.87,18.01,15.58,20.96,14.01,52.75,34.16,3.53,24.96,10.28,23.70,21.19,0.79,12.53,30.55,3.62,60.74,6.03,66.00,3.63,63.74,9.10,5.91,68.45,1.91,9.86,7.85,59.96,8.06
54.68,16.94,37.16,0.00,10.42,40.69,10.24,2.00,14.05,50.27,34.55,18.03,28.84,47.07,38.41,5.88,20.31,60.62,25.43,5.37,30.00,16.26,14.91,15.16,7.31,43.60,10.69,18.47,0.23,54.61,44.44,9.12,7.34,42.31,25.05,49.71,7.43,47.43,25.98,0.36,35.38,15.10,28.57,50.91,37.10,23.34,16.95,30.19,5.98,54.22,55.70,44.63,36.25,26.51,23.29,61.00,32.73,26.12,41.70,40.98,38.68,29.16,30.45,7.83,22.02,55.59,36.71,16.82,33.32,14.34,21.47,48.03,19.15,52.74,58.12,51.17,15.59,3.00,33.63,12.20,26.88,13.46,15.97,36.37,24.63,6.61,40.78,23.58,31.13,28.84,40.79,26.58,46.26,43.07,31.29,35.25,27.30,45.01,22.80,45.22
65.11,6.52,47.58,10.42,0.00,51.12,20.66,12.42,24.48,60.69,44.97,7.60,18.41,57.49,48.83,16.31,9.89,71.05,15.01,15.80,40.42,5.84,25.33,25.58,17.73,54.02,0.27,28.89,10.66,65.03,54.86,19.54,3.08,52.73,35.48,60.13,17.85,57.85,15.55,10.06,45.80,4.68,38.99,61.33,47.53,12.91,27.37,40.61,4.44,64.64,66.13,55.05,46.67,16.09,12.87,71.42,43.15,36.55,52.13,51.40,49.10,18.73,40.87,18.25,11.60,66.02,47.13,6.39,43.74,3.92,11.05,58.45,29.57,63.17,68.55,61.60,5.17,13.43,44.05,22.63,37.30,23.89,26.39,46.79,35.05,17.03,51.20,13.16,41.55,18.42,51.22,16.15,56.68,53.49,20.87,45.68,37.73,55.44,12.38,55.64
13.99,57.64,3.53,40.69,51.12,0.00,30.45,38.69,26.64,9.57,6.15,58.72,69.53,6.38,2.28,34.81,61.00,19.93,66.12,35.32,10.70,56.95,25.79,25.53,33.39,2.90,51.39,22.23,40.46,13.92,3.75,31.57,48.03,1.62,15.64,9.01,33.27,6.74,66.67,41.05,5.32,55.79,12.12,10.22,3.59,64.03,23.74,10.50,46.67,13.53,15.01,3.94,4.45,67.20,63.98,20.30,7.97,14.57,1.01,0.29,2.01,69.85,10.25,32.86,62.72,14.90,3.99,57.51,7.37,55.04,62.17,7.33,21.54,12.05,17.43,10.48,56.28,37.69,7.07,28.49,13.81,27.23,24.73,4.32,16.06,34.09,0.09,64.27,9.56,69.54,0.10,67.27,5.56,2.38,71.99,5.44,13.39,4.32,63.49,4.52
44.44,27.19,26.92,10.24,20.66,30.45,0.00,8.24,3.81,40.02,24.30,28.27,39.08,36.83,28.17,4.36,30.55,50.38,35.67,4.87,19.75,26.50,4.66,4.92,2.94,33.35,20.94,8.22,10.01,44.37,34.20,1.12,17.58,32.07,14.81,39.46,2.82,37.19,36.22,10.60,25.14,25.34,18.33,40.67,26.86,33.58,6.71,19.95,16.22,43.98,45.46,34.39,26.01,36.75,33.53,50.75,22.48,15.88,31.46,30.74,28.44,39.40,20.20,2.41,32.27,45.35,26.46,27.06,23.08,24.59,31.72,37.78,8.91,42.50,47.88,40.93,25.83,7.24,23.38,1.96,16.64,3.22,5.72,26.13,14.39,3.64,30.54,33.82,20.89,39.09,30.55,36.82,36.02,32.83,41.53,25.01,17.06,34.77,33.04,34.98
52.69,18.94,35.16,2.00,12.42,38.69,8.24,0.00,12.05,48.27,32.55,20.03,30.83,45.07,36.41,3.88,22.31,58.63,27.43,3.38,28.00,18.26,12.91,13.16,5.31,41.60,12.69,16.47,1.76,52.61,42.44,7.12,9.34,40.31,23.06,47.71,5.43,45.43,27.97,2.36,33.38,17.10,26.57,48.91,35.11,25.33,14.95,28.19,7.98,52.22,53.71,42.63,34.25,28.51,25.29,59.00,30.73,24.13,39.71,38.98,36.68,31.15,28.45,5.83,24.02,53.60,34.71,18.81,31.32,16.34,23.47,46.03,17.15,50.75,56.13,49.18,17.59,1.01,31.63,10.21,24.88,11.47,13.97,34.37,22.63,4.61,38.78,25.58,29.13,30.84,38.80,28.57,44.26,41.07,33.29,33.25,25.31,43.01,24.80,43.22
40.63,31.00,23.11,14.05,24.48,26.64,3.81,12.05,0.00,36.21,20.49,32.08,42.89,33.02,24.36,8.17,34.36,46.57,39.48,8.68,15.94,30.31,0.85,1.11,6.75,29.54,24.75,4.41,13.82,40.56,30.39,4.93,21.39,28.26,11.00,35.65,6.63,33.38,40.03,14.41,21.32,29.15,14.52,36.86,23.05,37.39,2.90,16.14,20.03,40.17,41.65,30.58,22.19,40.56,37.34,46.94,18.67,12.07,27.65,26.93,24.63,43.21,16.39,6.22,36.08,41.54,22.65,30.87,19.27,28.40,35.53,33.97,5.10,38.69,44.07,37.12,29.64,11.05,19.57,1.85,12.83,0.59,1.91,22.32,10.58,7.45,26.73,37.63,17.08,42.90,26.74,40.63,32.20,29.02,45.35,21.20,13.25,30.96,36.85,31.16
4.42,67.21,13.11,50.27,60.69,9.57,40.02,48.27,36.21,0.00,15.72,68.29,79.10,3.20,11.85,44.38,70.57,10.36,75.69,44.89,20.27,66.52,35.36,35.11,42.96,6.67,60.96,31.80,50.03,4.34,5.83,41.15,57.61,7.96,25.21,0.56,42.84,2.84,76.24,50.63,14.89,65.36,21.70,0.64,13.16,73.60,33.32,20.08,56.25,3.95,5.44,5.63,14.02,76.77,73.56,10.73,17.54,24.14,8.56,9.28,11.58,79.42,19.82,42.43,72.29,5.33,13.56,67.08,16.95,64.61,71.74,2.24,31.11,2.48,7.86,0.91,65.86,47.26,16.64,38.06,23.39,36.80,34.30,13.90,25.64,43.66,9.49,73.85,19.14,79.11,9.47,76.84,4.01,7.20,81.56,15.01,22.96,5.25,73.07,5.05
20.14,51.49,2.61,34.55,44.97,6.15,24.30,32.55,20.49,15.72,0.00,52.57,63.38,12.52,3.87,28.66,54.85,26.08,59.97,29.17,4.55,50.80,19.64,19.38,27.24,9.05,45.24,16.08,34.31,20.07,9.89,25.43,41.89,7.76,9.49,15.16,27.12,12.88,60.52,34.91,0.83,49.64,5.98,16.36,2.56,57.88,17.60,4.35,40.53,19.67,21.16,10.09,1.70,61.05,57.84,26.45,1.82,8.42,7.16,6.44,4.14,63.70,4.10,26.71,56.57,21.05,2.16,51.36,1.23,48.89,56.02,13.48,15.39,18.20,23.58,16.63,50.14,31.54,0.92,22.34,7.67,21.08,18.58,1.82,9.92,27.94,6.24,58.13,3.42,63.39,6.25,61.12,11.71,8.52,65.84,0.71,7.24,10.47,57.34,10.67
72.71,1.08,55.19,18.03,7.60,58.72,28.27,20.03,32.08,68.29,52.57,0.00,10.81,65.10,56.44,23.91,2.28,78.65,7.40,23.40,48.02,1.77,32.93,33.19,25.33,61.62,7.33,36.49,18.26,72.64,62.47,27.15,10.69,60.34,43.08,67.73,25.45,65.46,7.95,17.67,53.40,2.93,46.60,68.94,55.13,5.31,34.98,48.22,12.05,72.25,73.73,62.66,54.27,8.48,5.26,79.02,50.75,44.15,59.73,59.01,56.71,11.13,48.47,25.86,4.00,73.62,54.73,1.21,51.35,3.68,3.45,66.05,37.18,70.77,76.15,69.20,2.44,21.03,51.65,30.23,44.91,31.49,33.99,54.40,42.66,24.63,58.81,5.55,49.16,10.82,58.82,8.55,64.28,61.10,13.27,53.28,45.33,63.04,4.77,63.24
83.52,11.89,66.00,28.84,18.41,69.53,39.08,30.83,42.89,79.10,63.38,10.81,0.00,75.91,67.25,34.72,8.53,89.46,3.41,34.21,58.83,12.58,43.74,44.00,36.14,72.43,18.14,47.30,29.07,83.45,73.28,37.95,21.50,71.14,53.89,78.54,36.26,76.26,2.86,28.47,64.21,13.74,57.41,79.75,65.94,5.50,45.78,59.03,22.85,83.06,84.54,73.47,65.08,2.33,5.54,89.83,61.56,54.96,70.54,69.82,67.52,0.32,59.28,36.67,6.81,84.43,65.54,12.02,62.15,14.49,7.36,76.86,47.99,81.58,86.96,80.01,13.25,31.84,62.46,41.04,55.72,42.30,44.80,65.20,53.47,35.44,69.62,5.25,59.97,0.01,69.63,2.26,75.09,71.90,2.46,64.09,56.14,73.85,6.04,74.05
7.61,64.01,9.91,47.07,57.49,6.38,36.83,45.07,33.02,3.20,12.52,65.10,75.91,0.00,8.66,41.19,67.38,13.55,72.50,41.70,17.07,63.33,32.16,31.91,39.76,3.47,57.76,28.60,46.84,7.54,2.63,37.95,54.41,4.76,22.02,2.64,39.64,0.36,73.05,47.43,11.69,62.17,18.50,3.84,9.97,70.41,30.12,16.88,53.05,7.15,8.63,2.44,10.82,73.58,70.36,13.93,14.34,20.95,5.37,6.09,8.39,76.23,16.62,39.24,69.09,8.52,10.36,63.89,13.75,61.41,68.54,0.96,27.92,5.67,11.05,4.10,62.66,44.07,13.44,34.87,20.19,33.61,31.10,10.70,22.44,40.46,6.29,70.65,15.94,75.91,6.28,73.65,0.81,4.00,78.36,11.82,19.77,2.06,69.87,1.85
16.27,55.36,1.25,38.41,48.83,2.28,28.17,36.41,24.36,11.85,3.87,56.44,67.25,8.66,0.00,32.53,58.72,22.21,63.84,33.04,8.42,54.67,23.51,23.25,31.11,5.19,49.11,19.94,38.18,16.20,6.03,29.29,45.75,3.90,13.36,11.30,30.99,9.02,64.39,38.77,3.03,53.51,9.84,12.50,1.31,61.75,21.46,8.22,44.39,15.81,17.29,6.22,2.16,64.92,61.70,22.58,5.69,12.29,3.29,2.57,0.27,67.57,7.97,30.58,60.44,17.18,1.70,55.23,5.09,52.75,59.89,9.61,19.26,14.33,19.71,12.76,54.00,35.41,4.78,26.21,11.53,24.95,22.45,2.04,13.78,31.80,2.37,61.99,7.28,67.25,2.38,64.99,7.85,4.66,69.70,3.16,11.11,6.60,61.21,6.81
48.80,22.83,31.28,5.88,16.31,34.81,4.36,3.88,8.17,44.38,28.66,23.91,34.72,41.19,32.53,0.00,26.19,54.74,31.31,0.51,24.11,22.14,9.02,9.28,1.42,37.71,16.58,12.58,5.65,48.73,38.56,3.24,13.22,36.43,19.17,43.82,1.54,41.55,31.86,6.24,29.49,20.98,22.69,45.03,31.22,29.22,11.07,24.31,11.86,48.34,49.82,38.75,30.37,32.39,29.17,55.11,26.84,20.24,35.82,35.10,32.80,35.04,24.56,1.95,27.91,49.71,30.82,22.70,27.44,20.23,27.36,42.14,13.27,46.86,52.24,45.29,21.47,2.88,27.74,6.32,21.00,7.58,10.08,30.49,18.75,0.72,34.90,29.46,25.25,34.73,34.91,32.46,40.37,37.19,37.17,29.37,21.42,39.13,28.68,39.34
74.99,3.36,57.47,20.31,9.89,61.00,30.55,22.31,34.36,70.57,54.85,2.28,8.53,67.38,58.72,26.19,0.00,80.93,5.12,25.68,50.30,4.05,35.21,35.47,27.61,63.90,9.61,38.78,20.54,74.92,64.75,29.43,12.97,62.62,45.36,70.01,27.73,67.74,5.67,19.95,55.69,5.21,48.88,71.22,57.41,3.03,37.26,50.50,14.33,74.53,76.01,64.94,56.56,6.20,2.98,81.30,53.03,46.43,62.01,61.29,58.99,8.85,50.75,28.14,1.72,75.90,57.02,3.49,53.63,5.97,1.17,68.33,39.46,73.05,78.43,71.48,4.72,23.31,53.94,32.51,47.19,33.77,36.27,56.68,44.94,26.91,61.09,3.27,51.44,8.53,61.10,6.27,66.57,63.38,10.98,55.56,47.61,65.32,2.49,65.53
5.94,77.57,23.46,60.62,71.05,19.93,50.38,58.63,46.57,10.36,26.08,78.65,89.46,13.55,22.21,54.74,80.93,0.00,86.05,55.25,30.63,76.88,45.72,45.46,53.32,17.03,71.32,42.16,60.39,6.01,16.18,51.51,67.97,18.32,35.57,10.92,53.20,13.20,86.60,60.99,25.25,75.72,32.06,9.72,23.52,83.96,43.68,30.43,66.61,6.40,4.92,15.99,24.38,87.13,83.92,0.37,27.90,34.50,18.92,19.64,21.94,89.78,30.18,52.79,82.65,5.03,23.92,77.44,27.31,74.97,82.10,12.60,41.47,7.88,2.50,9.45,76.22,57.62,27.00,48.42,33.75,47.16,44.66,24.26,36.00,54.02,19.84,84.21,29.50,89.47,19.83,87.20,14.37,17.56,91.92,25.37,33.32,15.61,83.42,15.41
80.11,8.48,62.59,25.43,15.01,66.12,35.67,27.43,39.48,75.69,59.97,7.40,3.41,72.50,63.84,31.31,5.12,86.05,0.00,30.80,55.42,9.17,40.33,40.59,32.73,69.02,14.73,43.89,25.66,80.04,69.87,34.55,18.09,67.74,50.48,75.13,32.85,72.86,0.55,25.07,60.81,10.33,54.00,76.34,62.53,2.09,42.38,55.62,19.45,79.65,81.13,70.06,61.68,1.08,2.14,86.42,58.15,51.55,67.13,66.41,64.11,3.73,55.87,33.26,3.40,81.02,62.13,8.61,58.75,11.08,3.95,73.45,44.58,78.17,83.55,76.60,9.84,28.43,59.05,37.63,52.31,38.89,41.39,61.80,50.06,32.03,66.21,1.85,56.56,3.42,66.22,1.15,71.69,68.50,5.86,60.68,52.73,70.44,2.63,70.65
49.31,22.32,31.79,5.37,15.80,35.32,4.87,3.38,8.68,44.89,29.17,23.40,34.21,41.70,33.04,0.51,25.68,55.25,30.80,0.00,24.62,21.63,9.53,9.79,1.93,38.22,16.07,13.09,5.14,49.24,39.07,3.74,12.71,36.94,19.68,44.33,2.05,42.06,31.35,5.73,30.00,20.47,23.20,45.54,31.73,28.71,11.57,24.82,11.35,48.85,50.33,39.26,30.87,31.88,28.66,55.62,27.35,20.75,36.33,35.61,33.31,34.53,25.07,2.46,27.40,50.22,31.33,22.19,27.95,19.72,26.85,42.65,13.78,47.37,52.75,45.80,20.96,2.37,28.25,6.83,21.51,8.09,10.59,31.00,19.26,1.23,35.41,28.96,25.76,34.22,35.42,31.95,40.88,37.69,36.67,29.88,21.93,39.64,28.17,39.84
24.69,46.94,7.16,30.00,40.42,10.70,19.75,28.00,15.94,20.27,4.55,48.02,58.83,17.07,8.42,24.11,50.30,30.63,55.42,24.62,0.00,46.25,15.09,14.84,22.69,13.60,40.69,11.53,29.76,24.61,14.44,20.88,37.34,12.31,4.94,19.71,22.57,17.43,55.97,30.36,5.38,45.09,1.43,20.91,7.11,53.33,13.05,0.19,35.98,24.22,25.71,14.64,6.25,56.50,53.29,31.00,2.73,3.87,11.71,10.99,8.69,59.15,0.45,22.16,52.02,25.60,6.71,46.81,3.32,44.34,51.47,18.03,10.84,22.75,28.13,21.18,45.59,26.99,3.63,17.79,3.12,16.53,14.03,6.37,5.37,23.39,10.78,53.58,1.13,58.84,10.80,56.57,16.26,13.07,61.29,5.26,2.69,15.02,52.80,15.22
70.94,0.69,53.42,16.26,5.84,56.95,26.50,18.26,30.31,66.52,50.80,1.77,12.58,63.33,54.67,22.14,4.05,76.88,9.17,21.63,46.25,0.00,31.16,31.42,23.56,59.85,5.56,34.72,16.49,70.87,60.70,25.38,8.92,58.57,41.31,65.96,23.68,63.69,9.72,15.90,51.64,1.16,44.83,67.17,53.36,7.08,33.21,46.45,10.28,70.48,71.96,60.89,52.51,10.25,7.03,77.25,48.98,42.38,57.96,57.24,54.94,12.90,46.70,24.09,5.77,71.85,52.96,0.56,49.58,1.91,5.22,64.28,35.41,69.00,74.38,67.43,0.67,19.26,49.88,28.46,43.14,29.72,32.22,52.63,40.89,22.86,57.04,7.32,47.39,12.59,57.05,10.32,62.52,59.33,15.03,51.51,43.56,61.27,6.54,61.48
39.78,31.85,22.25,14.91,25.33,25.79,4.66,12.91,0.85,35.36,19.64,32.93,43.74,32.16,23.51,9.02,35.21,45.72,40.33,9.53,15.09,31.16,0.00,0.25,7.60,28.69,25.60,3.56,14.67,39.70,29.53,5.79,22.25,27.40,10.15,34.80,7.48,32.52,40.88,15.27,20.47,30.00,13.66,36.00,22.20,38.24,2.04,15.28,20.89,39.31,40.80,29.73,21.34,41.41,38.20,46.09,17.82,11.22,26.80,26.08,23.78,44.06,15.54,7.07,36.93,40.69,21.80,31.72,18.41,29.25,36.38,33.12,4.25,37.84,43.22,36.27,30.50,11.90,18.72,2.70,11.97,1.44,1.06,21.46,9.72,8.30,25.87,38.49,16.22,43.75,25.89,41.48,31.35,28.16,46.20,20.35,12.40,30.11,37.71,30.31
39.52,32.10,22.00,15.16,25.58,25.53,4.92,13.16,1.11,35.11,19.38,33.19,44.00,31.91,23.25,9.28,35.47,45.46,40.59,9.79,14.84,31.42,0.25,0.00,7.85,28.44,25.86,3.31,14.93,39.45,29.28,6.04,22.50,27.15,9.89,34.55,7.74,32.27,41.14,15.52,20.22,30.26,13.41,35.75,21.94,38.50,1.79,15.03,21.14,39.06,40.54,29.47,21.09,41.67,38.45,45.83,17.57,10.96,26.54,25.82,23.52,44.32,15.29,7.33,37.19,40.43,21.55,31.98,18.16,29.50,36.64,32.87,3.99,37.58,42.96,36.01,30.75,12.16,18.47,2.96,11.72,1.70,0.81,21.21,9.47,8.55,25.62,38.74,15.97,44.00,25.63,41.74,31.10,27.91,46.45,20.09,12.14,29.85,37.96,30.06
47.38,24.25,29.85,7.31,17.73,33.39,2.94,5.31,6.75,42.96,27.24,25.33,36.14,39.76,31.11,1.42,27.61,53.32,32.73,1.93,22.69,23.56,7.60,7.85,0.00,36.29,18.00,11.16,7.07,47.30,37.13,1.81,14.65,35.00,17.75,42.40,0.12,40.12,33.28,7.67,28.07,22.40,21.26,43.60,29.80,30.64,9.64,22.88,13.29,46.91,48.40,37.33,28.94,33.81,30.60,53.69,25.42,18.82,34.40,33.68,31.38,36.46,23.14,0.53,29.33,48.29,29.40,24.12,26.01,21.65,28.78,40.72,11.85,45.44,50.82,43.87,22.90,4.30,26.32,4.90,19.57,6.16,8.66,29.06,17.32,0.70,33.47,30.89,23.82,36.15,33.49,33.88,38.95,35.76,38.60,27.95,20.00,37.71,30.11,37.91
11.09,60.54,6.44,43.60,54.02,2.90,33.35,41.60,29.54,6.67,9.05,61.62,72.43,3.47,5.19,37.71,63.90,17.03,69.02,38.22,13.60,59.85,28.69,28.44,36.29,0.00,54.29,25.13,43.36,11.01,0.84,34.48,50.94,1.29,18.54,6.11,36.17,3.83,69.57,43.96,8.22,58.70,15.03,7.31,6.49,66.93,26.65,13.41,49.58,10.62,12.11,1.04,7.35,70.10,66.89,17.40,10.87,17.47,1.89,2.61,4.92,72.75,13.15,35.76,65.62,12.00,6.89,60.41,10.28,57.94,65.07,4.43,24.45,9.15,14.53,7.58,59.19,40.59,9.97,31.39,16.72,30.13,27.63,7.23,18.97,36.99,2.82,67.18,12.47,72.44,2.80,70.17,2.66,0.53,74.89,8.34,16.29,1.42,66.40,1.62
65.38,6.25,47.85,10.69,0.27,51.39,20.94,12.69,24.75,60.96,45.24,7.33,18.14,57.76,49.11,16.58,9.61,71.32,14.73,16.07,40.69,5.56,25.60,25.86,18.00,54.29,0.00,29.16,10.93,65.31,55.13,19.81,3.35,53.00,35.75,60.40,18.12,58.12,15.28,10.33,46.07,4.40,39.26,61.60,47.80,12.64,27.64,40.89,4.71,64.91,66.40,55.33,46.94,15.81,12.60,71.69,43.42,36.82,52.40,51.68,49.38,18.46,41.14,18.53,11.33,66.29,47.40,6.12,44.01,3.65,10.78,58.72,29.85,63.44,68.82,61.87,4.90,13.70,44.32,22.90,37.57,24.16,26.66,47.06,35.32,17.30,51.48,12.89,41.82,18.15,51.49,15.88,56.95,53.76,20.60,45.95,38.00,55.71,12.10,55.91
36.22,35.41,18.69,18.47,28.89,22.23,8.22,16.47,4.41,31.80,16.08,36.49,47.30,28.60,19.94,12.58,38.78,42.16,43.89,13.09,11.53,34.72,3.56,3.31,11.16,25.13,29.16,0.00,18.23,36.14,25.97,9.35,25.81,23.84,6.59,31.24,11.04,28.96,44.44,18.83,16.91,33.57,10.10,32.44,18.64,41.80,1.52,11.72,24.45,35.75,37.24,26.17,17.78,44.97,41.76,42.53,14.26,7.66,23.24,22.51,20.21,47.62,11.98,10.64,40.49,37.13,18.24,35.28,14.85,32.81,39.94,29.56,0.68,34.28,39.66,32.71,34.06,15.46,15.16,6.26,8.41,5.00,2.50,17.90,6.16,11.86,22.31,42.05,12.66,47.31,22.33,45.04,27.79,24.60,49.76,16.79,8.84,26.55,41.27,26.75
54.45,17.18,36.93,0.23,10.66,40.46,10.01,1.76,13.82,50.03,34.31,18.26,29.07,46.84,38.18,5.65,20.54,60.39,25.66,5.14,29.76,16.49,14.67,14.93,7.07,43.36,10.93,18.23,0.00,54.38,44.21,8.88,7.57,42.07,24.82,49.47,7.19,47.19,26.21,0.60,35.14,15.33,28.33,50.68,36.87,23.57,16.71,29.96,6.22,53.99,55.47,44.40,36.01,26.74,23.53,60.76,32.49,25.89,41.47,40.75,38.45,29.39,30.21,7.60,22.26,55.36,36.47,17.05,33.08,14.58,21.71,47.79,18.92,52.51,57.89,50.94,15.83,2.77,33.39,11.97,26.64,13.23,15.73,36.13,24.40,6.37,40.55,23.82,30.90,29.08,40.56,26.81,46.02,42.83,31.53,35.02,27.07,44.78,23.03,44.98
0.07,71.55,17.45,54.61,65.03,13.92,44.37,52.61,40.56,4.34,20.07,72.64,83.45,7.54,16.20,48.73,74.92,6.01,80.04,49.24,24.61,70.87,39.70,39.45,47.30,11.01,65.31,36.14,54.38,0.00,10.17,45.49,61.95,12.30,29.56,4.90,47.19,7.18,80.59,54.97,19.23,69.71,26.04,3.70,17.51,77.95,37.66,24.42,60.59,0.39,1.09,9.98,18.36,81.12,77.90,6.38,21.88,28.49,12.91,13.63,15.93,83.77,24.16,46.78,76.63,0.98,17.90,71.43,21.29,68.95,76.09,6.58,35.46,1.87,3.51,3.44,70.20,51.61,20.98,42.41,27.73,41.15,38.64,18.24,29.98,48.00,13.83,78.19,23.48,83.45,13.82,81.19,8.35,11.54,85.90,19.36,27.31,9.60,77.41,9.39
10.24,61.38,7.28,44.44,54.86,3.75,34.20,42.44,30.39,5.83,9.89,62.47,73.28,2.63,6.03,38.56,64.75,16.18,69.87,39.07,14.44,60.70,29.53,29.28,37.13,0.84,55.13,25.97,44.21,10.17,0.00,35.32,51.78,2.13,19.39,5.27,37.01,2.99,70.42,44.80,9.06,59.54,15.87,6.47,7.34,67.78,27.49,14.25,50.42,9.78,11.26,0.19,8.19,70.95,67.73,16.56,11.71,18.32,2.74,3.46,5.76,73.60,13.99,36.61,66.46,11.15,7.73,61.26,11.12,58.78,65.91,3.59,25.29,8.30,13.68,6.73,60.03,41.44,10.81,32.24,17.56,30.98,28.47,8.07,19.81,37.83,3.66,68.02,13.31,73.28,3.65,71.02,1.82,1.37,75.73,9.19,17.14,0.57,67.24,0.78
45.57,26.06,28.04,9.12,19.54,31.57,1.12,7.12,4.93,41.15,25.43,27.15,37.95,37.95,29.29,3.24,29.43,51.51,34.55,3.74,20.88,25.38,5.79,6.04,1.81,34.48,19.81,9.35,8.88,45.49,35.32,0.00,16.46,33.19,15.94,40.59,1.69,38.31,35.09,9.48,26.26,24.22,19.45,41.79,27.99,32.45,7.83,21.07,15.10,45.10,46.59,35.51,27.13,35.63,32.41,51.88,23.61,17.01,32.59,31.86,29.56,38.27,21.33,1.29,31.14,46.47,27.59,25.93,24.20,23.46,30.59,38.91,10.03,43.63,49.01,42.06,24.71,6.12,24.51,3.09,17.76,4.34,6.85,27.25,15.51,2.51,31.66,32.70,22.01,37.96,31.68,35.69,37.14,33.95,40.41,26.13,18.19,35.89,31.92,36.10
62.02,9.60,44.50,7.34,3.08,48.03,17.58,9.34,21.39,57.61,41.89,10.69,21.50,54.41,45.75,13.22,12.97,67.97,18.09,12.71,37.34,8.92,22.25,22.50,14.65,50.94,3.35,25.81,7.57,61.95,51.78,16.46,0.00,49.65,32.39,57.05,14.77,54.77,18.64,6.98,42.72,7.76,35.91,58.25,44.44,16.00,24.29,37.53,1.36,61.56,63.04,51.97,43.59,19.17,15.95,68.34,40.07,33.46,49.04,48.32,46.02,21.82,37.79,15.17,14.68,62.93,44.05,9.48,40.66,7.00,14.13,55.37,26.49,60.08,65.46,58.51,8.25,10.34,40.97,19.54,34.22,20.80,23.31,43.71,31.97,13.95,48.12,16.24,38.47,21.50,48.13,19.24,53.60,50.41,23.95,42.59,34.65,52.35,15.46,52.56
12.38,59.25,5.15,42.31,52.73,1.62,32.07,40.31,28.26,7.96,7.76,60.34,71.14,4.76,3.90,36.43,62.62,18.32,67.74,36.94,12.31,58.57,27.40,27.15,35.00,1.29,53.00,23.84,42.07,12.30,2.13,33.19,49.65,0.00,17.25,7.40,34.88,5.12,68.29,42.67,6.93,57.41,13.74,8.60,5.20,65.65,25.36,12.12,48.29,11.91,13.39,2.32,6.06,68.82,65.60,18.69,9.58,16.19,0.60,1.33,3.63,71.47,11.86,34.48,64.33,13.28,5.60,59.13,8.99,56.65,63.78,5.72,23.16,10.44,15.82,8.87,57.90,39.31,8.68,30.10,15.43,28.85,26.34,5.94,17.68,35.70,1.53,65.89,11.18,71.15,1.51,68.88,3.95,0.76,73.60,7.06,15.00,2.70,65.11,2.91
29.63,42.00,12.11,25.05,35.48,15.64,14.81,23.06,11.00,25.21,9.49,43.08,53.89,22.02,13.36,19.17,45.36,35.57,50.48,19.68,4.94,41.31,10.15,9.89,17.75,18.54,35.75,6.59,24.82,29.56,19.39,15.94,32.39,17.25,0.00,24.65,17.63,22.37,51.03,25.42,10.32,40.15,3.51,25.85,12.05,48.39,8.11,5.14,31.04,29.17,30.65,19.58,11.19,51.56,48.35,35.94,7.67,1.07,16.65,15.93,13.63,54.21,5.39,17.22,47.08,30.54,11.65,41.87,8.26,39.40,46.53,22.97,5.90,27.69,33.07,26.12,40.65,22.05,8.57,12.85,1.82,11.59,9.09,11.31,0.43,18.45,15.73,48.64,6.08,53.90,15.74,51.63,21.20,18.01,56.35,10.20,2.25,19.96,47.85,20.16
4.98,66.65,12.55,49.71,60.13,9.01,39.46,47.71,35.65,0.56,15.16,67.73,78.54,2.64,11.30,43.82,70.01,10.92,75.13,44.33,19.71,65.96,34.80,34.55,42.40,6.11,60.40,31.24,49.47,4.90,5.27,40.59,57.05,7.40,24.65,0.00,42.28,2.28,75.68,50.07,14.33,64.81,21.14,1.20,12.60,73.04,32.76,19.52,55.69,4.51,6.00,5.07,13.46,76.21,73.00,11.29,16.98,23.58,8.00,8.72,11.03,78.86,19.26,41.87,71.73,5.89,13.00,66.52,16.39,64.05,71.18,1.68,30.56,3.04,8.42,1.47,65.30,46.70,16.08,37.50,22.83,36.24,33.74,13.34,25.08,43.10,8.93,73.29,18.58,78.55,8.91,76.28,3.45,6.64,81.00,14.45,22.40,4.69,72.51,4.49
47.26,24.37,29.73,7.43,17.85,33.27,2.82,5.43,6.63,42.84,27.12,25.45,36.26,39.64,30.99,1.54,27.73,53.20,32.85,2.05,22.57,23.68,7.48,7.74,0.12,36.17,18.12,11.04,7.19,47.19,37.01,1.69,14.77,34.88,17.63,42.28,0.00,40.00,33.40,7.79,27.95,22.52,21.14,43.48,29.68,30.76,9.52,22.77,13.41,46.79,48.28,37.21,28.82,33.93,30.72,53.57,25.30,18.70,34.28,33.56,31.26,36.58,23.02,0.41,29.45,48.17,29.28,24.24,25.89,21.77,28.90,40.60,11.73,45.32,50.70,43.75,23.02,4.42,26.20,4.78,19.45,6.04,8.54,28.94,17.20,0.82,33.36,31.01,23.70,36.27,33.37,34.00,38.83,35.64,38.72,27.83,19.88,37.59,30.22,37.79
7.26,64.37,10.27,47.43,57.85,6.74,37.19,45.43,33.38,2.84,12.88,65.46,76.26,0.36,9.02,41.55,67.74,13.20,72.86,42.06,17.43,63.69,32.52,32.27,40.12,3.83,58.12,28.96,47.19,7.18,2.99,38.31,54.77,5.12,22.37,2.28,40.00,0.00,73.41,47.79,12.05,62.53,18.86,3.48,10.32,70.77,30.48,17.24,53.41,6.79,8.27,2.80,11.18,73.94,70.72,13.57,14.70,21.31,5.72,6.45,8.75,76.59,16.98,39.60,69.45,8.16,10.72,64.25,14.11,61.77,68.90,0.60,28.28,5.31,10.70,3.75,63.02,44.43,13.80,35.22,20.55,33.97,31.46,11.06,22.80,40.82,6.65,71.01,16.30,76.27,6.63,74.00,1.17,4.36,78.72,12.18,20.12,2.42,70.23,2.21
80.66,9.03,63.14,25.98,15.55,66.67,36.22,27.97,40.03,76.24,60.52,7.95,2.86,73.05,64.39,31.86,5.67,86.60,0.55,31.35,55.97,9.72,40.88,41.14,33.28,69.57,15.28,44.44,26.21,80.59,70.42,35.09,18.64,68.29,51.03,75.68,33.40,73.41,0.00,25.62,61.35,10.88,54.55,76.89,63.08,2.64,42.92,56.17,20.00,80.20,81.68,70.61,62.22,0.53,2.69,86.97,58.70,52.10,67.68,66.96,64.66,3.18,56.42,33.81,3.95,81.57,62.68,9.16,59.30,11.63,4.50,74.00,45.13,78.72,84.10,77.15,10.39,28.98,59.60,38.18,52.86,39.44,41.94,62.35,50.61,32.58,66.76,2.39,57.11,2.87,66.77,0.60,72.23,69.04,5.32,61.23,53.28,70.99,3.18,71.19
55.05,16.58,37.52,0.36,10.06,41.05,10.60,2.36,14.41,50.63,34.91,17.67,28.47,47.43,38.77,6.24,19.95,60.99,25.07,5.73,30.36,15.90,15.27,15.52,7.67,43.96,10.33,18.83,0.60,54.97,44.80,9.48,6.98,42.67,25.42,50.07,7.79,47.79,25.62,0.00,35.74,14.74,28.93,51.27,37.47,22.98,17.31,30.55,5.62,54.58,56.06,44.99,36.61,26.15,22.93,61.36,33.09,26.48,42.06,41.34,39.04,28.80,30.81,8.19,21.66,55.95,37.07,16.46,33.68,13.98,21.11,48.39,19.51,53.10,58.49,51.54,15.23,3.36,33.99,12.57,27.24,13.82,16.33,36.73,24.99,6.97,41.14,23.22,31.49,28.48,41.16,26.21,46.62,43.43,30.93,35.61,27.67,45.37,22.44,45.58
19.31,52.32,1.78,35.38,45.80,5.32,25.14,33.38,21.32,14.89,0.83,53.40,64.21,11.69,3.03,29.49,55.69,25.25,60.81,30.00,5.38,51.64,20.47,20.22,28.07,8.22,46.07,16.91,35.14,19.23,9.06,26.26,42.72,6.93,10.32,14.33,27.95,12.05,61.35,35.74,0.00,50.48,6.81,15.53,1.73,58.71,18.43,5.19,41.36,18.84,20.33,9.25,0.87,61.89,58.67,25.62,2.65,9.25,6.33,5.60,3.30,64.53,4.93,27.55,57.40,20.22,1.33,52.19,2.06,49.72,56.85,12.65,16.23,17.37,22.75,15.80,50.97,32.37,1.75,23.17,8.50,21.91,19.41,0.99,10.75,28.77,5.40,58.96,4.25,64.22,5.42,61.95,10.88,7.69,66.67,0.12,8.07,9.63,58.18,9.84
69.78,1.85,52.26,15.10,4.68,55.79,25.34,17.10,29.15,65.36,49.64,2.93,13.74,62.17,53.51,20.98,5.21,75.72,10.33,20.47,45.09,1.16,30.00,30.26,22.40,58.70,4.40,33.57,15.33,69.71,59.54,24.22,7.76,57.41,40.15,64.81,22.52,62.53,10.88,14.74,50.48,0.00,43.67,66.01,52.20,8.24,32.05,45.29,9.12,69.32,70.80,59.73,51.35,11.41,8.19,76.09,47.82,41.22,56.80,56.08,53.78,14.06,45.54,22.93,6.93,70.69,51.81,1.72,48.42,0.76,6.38,63.12,34.25,67.84,73.22,66.27,0.49,18.10,48.73,27.30,41.98,28.56,31.07,51.47,39.73,21.71,55.88,8.48,46.23,13.74,55.89,11.48,61.36,58.17,16.19,50.35,42.40,60.11,7.70,60.32
26.12,45.51,8.59,28.57,38.99,12.12,18.33,26.57,14.52,21.70,5.98,46.60,57.41,18.50,9.84,22.69,48.88,32.06,54.00,23.20,1.43,44.83,13.66,13.41,21.26,15.03,39.26,10.10,28.33,26.04,15.87,19.45,35.91,13.74,3.51,21.14,21.14,18.86,54.55,28.93,6.81,43.67,0.00,22.34,8.54,51.91,11.62,1.62,34.55,25.65,27.13,16.06,7.68,55.08,51.86,32.43,4.16,2.45,13.13,12.41,10.11,57.73,1.88,20.74,50.59,27.02,8.14,45.39,4.75,42.91,50.04,19.46,9.42,24.17,29.55,22.61,44.16,25.57,5.06,16.36,1.69,15.11,12.60,7.80,3.94,21.96,12.21,52.15,2.56,57.41,12.22,55.14,17.69,14.50,59.86,6.68,1.26,16.44,51.37,16.65
3.78,67.85,13.75,50.91,61.33,10.22,40.67,48.91,36.86,0.64,16.36,68.94,79.75,3.84,12.50,45.03,71.22,9.72,76.34,45.54,20.91,67.17,36.00,35.75,43.60,7.31,61.60,32.44,50.68,3.70,6.47,41.79,58.25,8.60,25.85,1.20,43.48,3.48,76.89,51.27,15.53,66.01,22.34,0.00,13.80,74.25,33.96,20.72,56.89,3.31,4.79,6.28,14.66,77.42,74.20,10.09,18.18,24.79,9.21,9.93,12.23,80.07,20.46,43.08,72.93,4.68,14.20,67.73,17.59,65.25,72.38,2.88,31.76,1.83,7.21,0.27,66.50,47.91,17.28,38.71,24.03,37.45,34.94,14.54,26.28,44.30,10.13,74.49,19.78,79.75,10.12,77.48,4.65,7.84,82.20,15.66,23.60,5.90,73.71,5.69
17.58,54.05,0.06,37.10,47.53,3.59,26.86,35.11,23.05,13.16,2.56,55.13,65.94,9.97,1.31,31.22,57.41,23.52,62.53,31.73,7.11,53.36,22.20,21.94,29.80,6.49,47.80,18.64,36.87,17.51,7.34,27.99,44.44,5.20,12.05,12.60,29.68,10.32,63.08,37.47,1.73,52.20,8.54,13.80,0.00,60.44,20.16,6.91,43.09,17.12,18.60,7.53,0.86,63.61,60.40,23.89,4.38,10.98,4.60,3.88,1.58,66.26,6.66,29.27,59.13,18.49,0.40,53.92,3.79,51.45,58.58,10.92,17.95,15.64,21.02,14.07,52.70,34.10,3.48,24.90,10.23,23.64,21.14,0.74,12.48,30.50,3.68,60.69,5.97,65.95,3.69,63.68,9.15,5.96,68.40,1.85,9.80,7.91,59.90,8.11
78.02,6.39,60.50,23.34,12.91,64.03,33.58,25.33,37.39,73.60,57.88,5.31,5.50,70.41,61.75,29.22,3.03,83.96,2.09,28.71,53.33,7.08,38.24,38.50,30.64,66.93,12.64,41.80,23.57,77.95,67.78,32.45,16.00,65.65,48.39,73.04,30.76,70.77,2.64,22.98,58.71,8.24,51.91,74.25,60.44,0.00,40.28,53.53,17.36,77.56,79.04,67.97,59.58,3.17,0.05,84.33,56.06,49.46,65.04,64.32,62.02,5.82,53.78,31.17,1.31,78.93,60.04,6.52,56.66,8.99,1.86,71.36,42.49,76.08,81.46,74.51,7.75,26.34,56.96,35.54,50.22,36.80,39.30,59.71,47.97,29.94,64.12,0.25,54.47,5.51,64.13,3.24,69.59,66.40,7.96,58.59,50.64,68.35,0.54,68.55
37.74,33.89,20.21,16.95,27.37,23.74,6.71,14.95,2.90,33.32,17.60,34.98,45.78,30.12,21.46,11.07,37.26,43.68,42.38,11.57,13.05,33.21,2.04,1.79,9.64,26.65,27.64,1.52,16.71,37.66,27.49,7.83,24.29,25.36,8.11,32.76,9.52,30.48,42.92,17.31,18.43,32.05,11.62,33.96,20.16,40.28,0.00,13.24,22.93,37.27,38.76,27.68,19.30,43.46,40.24,44.05,15.78,9.18,24.76,24.03,21.73,46.10,13.50,9.12,38.97,38.65,19.76,33.76,16.37,31.29,38.42,31.08,2.20,35.80,41.18,34.23,32.54,13.94,16.68,4.74,9.93,3.48,0.98,19.42,7.68,10.34,23.83,40.53,14.18,45.79,23.85,43.52,29.31,26.12,48.24,18.30,10.36,28.06,39.75,28.27
24.49,47.14,6.97,30.19,40.61,10.50,19.95,28.19,16.14,20.08,4.35,48.22,59.03,16.88,8.22,24.31,50.50,30.43,55.62,24.82,0.19,46.45,15.28,15.03,22.88,13.41,40.89,11.72,29.96,24.42,14.25,21.07,37.53,12.12,5.14,19.52,22.77,17.24,56.17,30.55,5.19,45.29,1.62,20.72,6.91,53.53,13.24,0.00,36.17,24.03,25.51,14.44,6.06,56.70,53.48,30.80,2.54,4.07,11.51,10.79,8.49,59.35,0.26,22.36,52.22,25.40,6.52,47.01,3.13,44.53,51.67,17.84,11.04,22.55,27.93,20.98,45.78,27.19,3.44,17.99,3.31,16.73,14.22,6.18,5.56,23.58,10.59,53.77,0.94,59.03,10.60,56.77,16.07,12.88,61.48,5.06,2.89,14.82,52.99,15.03
60.67,10.96,43.14,5.98,4.44,46.67,16.22,7.98,20.03,56.25,40.53,12.05,22.85,53.05,44.39,11.86,14.33,66.61,19.45,11.35,35.98,10.28,20.89,21.14,13.29,49.58,4.71,24.45,6.22,60.59,50.42,15.10,1.36,48.29,31.04,55.69,13.41,53.41,20.00,5.62,41.36,9.12,34.55,56.89,43.09,17.36,22.93,36.17,0.00,60.20,61.68,50.61,42.23,20.53,17.31,66.98,38.71,32.10,47.69,46.96,44.66,23.18,36.43,13.81,16.04,61.57,42.69,10.84,39.30,8.36,15.49,54.01,25.13,58.72,64.11,57.16,9.61,8.98,39.61,18.19,32.86,19.44,21.95,42.35,30.61,12.59,46.76,17.60,37.11,22.86,46.78,20.59,52.24,49.05,25.31,41.23,33.29,50.99,16.82,51.20
0.46,71.16,17.06,54.22,64.64,13.53,43.98,52.22,40.17,3.95,19.67,72.25,83.06,7.15,15.81,48.34,74.53,6.40,79.65,48.85,24.22,70.48,39.31,39.06,46.91,10.62,64.91,35.75,53.99,0.39,9.78,45.10,61.56,11.91,29.17,4.51,46.79,6.79,80.20,54.58,18.84,69.32,25.65,3.31,17.12,77.56,37.27,24.03,60.20,0.00,1.48,9.59,17.97,80.73,77.51,6.78,21.49,28.10,12.52,13.24,15.54,83.38,23.77,46.39,76.24,1.37,17.51,71.04,20.90,68.56,75.70,6.19,35.07,1.48,3.90,3.05,69.81,51.22,20.59,42.02,27.34,40.76,38.25,17.85,29.59,47.61,13.44,77.80,23.09,83.06,13.43,80.80,7.96,11.15,85.51,18.97,26.92,9.21,77.02,9.00
1.02,72.65,18.54,55.70,66.13,15.01,45.46,53.71,41.65,5.44,21.16,73.73,84.54,8.63,17.29,49.82,76.01,4.92,81.13,50.33,25.71,71.96,40.80,40.54,48.40,12.11,66.40,37.24,55.47,1.09,11.26,46.59,63.04,13.39,30.65,6.00,48.28,8.27,81.68,56.06,20.33,70.80,27.13,4.79,18.60,79.04,38.76,25.51,61.68,1.48,0.00,11.07,19.46,82.21,78.99,5.29,22.98,29.58,14.00,14.72,17.02,84.86,25.26,47.87,77.73,0.11,19.00,72.52,22.38,70.05,77.18,7.68,36.55,2.96,2.42,4.53,71.29,52.70,22.08,43.50,28.82,42.24,39.74,19.33,31.07,49.10,14.92,79.29,24.57,84.55,14.91,82.28,9.45,12.63,87.00,20.45,28.40,10.69,78.50,10.49
10.05,61.58,7.47,44.63,55.05,3.94,34.39,42.63,30.58,5.63,10.09,62.66,73.47,2.44,6.22,38.75,64.94,15.99,70.06,39.26,14.64,60.89,29.73,29.47,37.33,1.04,55.33,26.17,44.40,9.98,0.19,35.51,51.97,2.32,19.58,5.07,37.21,2.80,70.61,44.99,9.25,59.73,16.06,6.28,7.53,67.97,27.68,14.44,50.61,9.59,11.07,0.00,8.38,71.14,67.92,16.36,11.91,18.51,2.93,3.65,5.95,73.79,14.19,36.80,66.66,10.96,7.93,61.45,11.31,58.98,66.11,3.39,25.48,8.11,13.49,6.54,60.22,41.63,11.01,32.43,17.75,31.17,28.67,8.26,20.00,38.03,3.85,68.21,13.50,73.48,3.84,71.21,1.63,1.56,75.92,9.38,17.33,0.38,67.43,0.59
18.44,53.19,0.91,36.25,46.67,4.45,26.01,34.25,22.19,14.02,1.70,54.27,65.08,10.82,2.16,30.37,56.56,24.38,61.68,30.87,6.25,52.51,21.34,21.09,28.94,7.35,46.94,17.78,36.01,18.36,8.19,27.13,43.59,6.06,11.19,13.46,28.82,11.18,62.22,36.61,0.87,51.35,7.68,14.66,0.86,59.58,19.30,6.06,42.23,17.97,19.46,8.38,0.00,62.76,59.54,24.75,3.52,10.12,5.46,4.73,2.43,65.40,5.80,28.42,58.27,19.35,0.46,53.06,2.93,50.59,57.72,11.78,17.10,16.50,21.88,14.93,51.84,33.24,2.62,24.04,9.37,22.78,20.28,0.12,11.62,29.64,4.53,59.83,5.12,65.09,4.55,62.82,10.01,6.82,67.54,1.00,8.94,8.76,59.05,8.97
81.19,9.56,63.67,26.51,16.09,67.20,36.75,28.51,40.56,76.77,61.05,8.48,2.33,73.58,64.92,32.39,6.20,87.13,1.08,31.88,56.50,10.25,41.41,41.67,33.81,70.10,15.81,44.97,26.74,81.12,70.95,35.63,19.17,68.82,51.56,76.21,33.93,73.94,0.53,26.15,61.89,11.41,55.08,77.42,63.61,3.17,43.46,56.70,20.53,80.73,82.21,71.14,62.76,0.00,3.22,87.50,59.23,52.63,68.21,67.49,65.19,2.65,56.95,34.34,4.48,82.10,63.22,9.69,59.83,12.16,5.03,74.53,45.66,79.25,84.63,77.68,10.92,29.51,60.14,38.71,53.39,39.97,42.47,62.88,51.14,33.11,67.29,2.93,57.64,2.34,67.30,0.07,72.77,69.58,4.78,61.76,53.81,71.52,3.71,71.73
77.98,6.35,60.45,23.29,12.87,63.98,33.53,25.29,37.34,73.56,57.84,5.26,5.54,70.36,61.70,29.17,2.98,83.92,2.14,28.66,53.29,7.03,38.20,38.45,30.60,66.89,12.60,41.76,23.53,77.90,67.73,32.41,15.95,65.60,48.35,73.00,30.72,70.72,2.69,22.93,58.67,8.19,51.86,74.20,60.40,0.05,40.24,53.48,17.31,77.51,78.99,67.92,59.54,3.22,0.00,84.29,56.02,49.41,65.00,64.27,61.97,5.87,53.74,31.12,1.27,78.88,60.00,6.47,56.61,8.95,1.82,71.32,42.44,76.04,81.42,74.47,7.70,26.29,56.92,35.50,50.17,36.75,39.26,59.66,47.92,29.90,64.07,0.29,54.42,5.55,64.09,3.28,69.55,66.36,8.00,58.54,50.60,68.30,0.49,68.51
6.31,77.94,23.84,61.00,71.42,20.30,50.75,59.00,46.94,10.73,26.45,79.02,89.83,13.93,22.58,55.11,81.30,0.37,86.42,55.62,31.00,77.25,46.09,45.83,53.69,17.40,71.69,42.53,60.76,6.38,16.56,51.88,68.34,18.69,35.94,11.29,53.57,13.57,86.97,61.36,25.62,76.09,32.43,10.09,23.89,84.33,44.05,30.80,66.98,6.78,5.29,16.36,24.75,87.50,84.29,0.00,28.27,34.87,19.29,20.01,22.31,90.15,30.55,53.16,83.02,5.40,24.29,77.81,27.68,75.34,82.47,12.97,41.84,8.25,2.87,9.82,76.59,57.99,27.37,48.79,34.12,47.53,45.03,24.63,36.37,54.39,20.21,84.58,29.87,89.84,20.20,87.57,14.74,17.93,92.29,25.74,33.69,15.98,83.79,15.78
21.96,49.67,4.43,32.73,43.15,7.97,22.48,30.73,18.67,17.54,1.82,50.75,61.56,14.34,5.69,26.84,53.03,27.90,58.15,27.35,2.73,48.98,17.82,17.57,25.42,10.87,43.42,14.26,32.49,21.88,11.71,23.61,40.07,9.58,7.67,16.98,25.30,14.70,58.70,33.09,2.65,47.82,4.16,18.18,4.38,56.06,15.78,2.54,38.71,21.49,22.98,11.91,3.52,59.23,56.02,28.27,0.00,6.60,8.98,8.26,5.96,61.88,2.28,24.89,54.75,22.87,3.98,49.54,0.59,47.07,54.20,15.30,13.57,20.02,25.40,18.45,48.32,29.72,0.90,20.52,5.85,19.26,16.76,3.64,8.10,26.12,8.05,56.31,1.60,61.57,8.07,59.30,13.53,10.34,64.02,2.53,5.42,12.29,55.53,12.49
28.56,43.07,11.04,26.12,36.55,14.57,15.88,24.13,12.07,24.14,8.42,44.15,54.96,20.95,12.29,20.24,46.43,34.50,51.55,20.75,3.87,42.38,11.22,10.96,18.82,17.47,36.82,7.66,25.89,28.49,18.32,17.01,33.46,16.19,1.07,23.58,18.70,21.31,52.10,26.48,9.25,41.22,2.45,24.79,10.98,49.46,9.18,4.07,32.10,28.10,29.58,18.51,10.12,52.63,49.41,34.87,6.60,0.00,15.58,14.86,12.56,55.28,4.32,18.29,48.15,29.47,10.58,42.94,7.20,40.47,47.60,21.90,6.97,26.62,32.00,25.05,41.71,23.12,7.50,13.92,0.76,12.66,10.16,10.25,1.49,19.52,14.66,49.71,5.01,54.97,14.67,52.70,20.13,16.95,57.42,9.13,1.18,18.89,48.92,19.09
12.98,58.65,4.54,41.70,52.13,1.01,31.46,39.71,27.65,8.56,7.16,59.73,70.54,5.37,3.29,35.82,62.01,18.92,67.13,36.33,11.71,57.96,26.80,26.54,34.40,1.89,52.40,23.24,41.47,12.91,2.74,32.59,49.04,0.60,16.65,8.00,34.28,5.72,67.68,42.06,6.33,56.80,13.13,9.21,4.60,65.04,24.76,11.51,47.69,12.52,14.00,2.93,5.46,68.21,65.00,19.29,8.98,15.58,0.00,0.72,3.02,70.86,11.26,33.87,63.73,13.89,5.00,58.52,8.39,56.05,63.18,6.32,22.55,11.04,16.42,9.47,57.29,38.70,8.08,29.50,14.82,28.24,25.74,5.33,17.07,35.10,0.92,65.29,10.57,70.55,0.91,68.28,4.55,1.36,73.00,6.45,14.40,3.31,64.50,3.51
13.70,57.93,3.82,40.98,51.40,0.29,30.74,38.98,26.93,9.28,6.44,59.01,69.82,6.09,2.57,35.10,61.29,19.64,66.41,35.61,10.99,57.24,26.08,25.82,33.68,2.61,51.68,22.51,40.75,13.63,3.46,31.86,48.32,1.33,15.93,8.72,33.56,6.45,66.96,41.34,5.60,56.08,12.41,9.93,3.88,64.32,24.03,10.79,46.96,13.24,14.72,3.65,4.73,67.49,64.27,20.01,8.26,14.86,0.72,0.00,2.30,70.14,10.54,33.15,63.01,14.61,4.27,57.80,7.66,55.32,62.46,7.04,21.83,11.76,17.14,10.19,56.57,37.98,7.35,28.78,14.10,27.52,25.02,4.61,16.35,34.38,0.20,64.56,9.85,69.82,0.19,67.56,5.28,2.09,72.27,5.73,13.68,4.03,63.78,4.24
16.00,55.63,1.52,38.68,49.10,2.01,28.44,36.68,24.63,11.58,4.14,56.71,67.52,8.39,0.27,32.80,58.99,21.94,64.11,33.31,8.69,54.94,23.78,23.52,31.38,4.92,49.38,20.21,38.45,15.93,5.76,29.56,46.02,3.63,13.63,11.03,31.26,8.75,64.66,39.04,3.30,53.78,10.11,12.23,1.58,62.02,21.73,8.49,44.66,15.54,17.02,5.95,2.43,65.19,61.97,22.31,5.96,12.56,3.02,2.30,0.00,67.84,8.24,30.85,60.71,16.91,1.97,55.50,5.36,53.02,60.16,9.34,19.53,14.06,19.44,12.49,54.27,35.68,5.05,26.48,11.80,25.22,22.71,2.31,14.05,32.07,2.10,62.26,7.55,67.52,2.11,65.26,7.58,4.39,69.97,3.43,11.38,6.33,61.48,6.54
83.84,12.21,66.32,29.16,18.73,69.85,39.40,31.15,43.21,79.42,63.70,11.13,0.32,76.23,67.57,35.04,8.85,89.78,3.73,34.53,59.15,12.90,44.06,44.32,36.46,72.75,18.46,47.62,29.39,83.77,73.60,38.27,21.82,71.47,54.21,78.86,36.58,76.59,3.18,28.80,64.53,14.06,57.73,80.07,66.26,5.82,46.10,59.35,23.18,83.38,84.86,73.79,65.40,2.65,5.87,90.15,61.88,55.28,70.86,70.14,67.84,0.00,59.60,36.99,7.13,84.75,65.86,12.34,62.48,14.81,7.68,77.18,48.31,81.90,87.28,80.33,13.57,32.16,62.78,41.36,56.04,42.62,45.12,65.53,53.79,35.76,69.94,5.57,60.29,0.31,69.95,2.58,75.41,72.22,2.14,64.41,56.46,74.17,6.36,74.37
24.24,47.39,6.71,30.45,40.87,10.25,20.20,28.45,16.39,19.82,4.10,48.47,59.28,16.62,7.97,24.56,50.75,30.18,55.87,25.07,0.45,46.70,15.54,15.29,23.14,13.15,41.14,11.98,30.21,24.16,13.99,21.33,37.79,11.86,5.39,19.26,23.02,16.98,56.42,30.81,4.93,45.54,1.88,20.46,6.66,53.78,13.50,0.26,36.43,23.77,25.26,14.19,5.80,56.95,53.74,30.55,2.28,4.32,11.26,10.54,8.24,59.60,0.00,22.61,52.47,25.15,6.26,47.26,2.87,44.79,51.92,17.58,11.29,22.30,27.68,20.73,46.04,27.44,3.18,18.24,3.57,16.98,14.48,5.92,5.82,23.84,10.33,54.03,0.68,59.29,10.35,57.02,15.81,12.62,61.74,4.81,3.14,14.57,53.25,14.77
46.85,24.78,29.33,7.83,18.25,32.86,2.41,5.83,6.22,42.43,26.71,25.86,36.67,39.24,30.58,1.95,28.14,52.79,33.26,2.46,22.16,24.09,7.07,7.33,0.53,35.76,18.53,10.64,7.60,46.78,36.61,1.29,15.17,34.48,17.22,41.87,0.41,39.60,33.81,8.19,27.55,22.93,20.74,43.08,29.27,31.17,9.12,22.36,13.81,46.39,47.87,36.80,28.42,34.34,31.12,53.16,24.89,18.29,33.87,33.15,30.85,36.99,22.61,0.00,29.86,47.76,28.88,24.65,25.49,22.17,29.31,40.19,11.32,44.91,50.29,43.34,23.42,4.83,25.80,4.37,19.05,5.63,8.13,28.54,16.80,1.22,32.95,31.41,23.30,36.67,32.96,34.41,38.43,35.24,39.12,27.42,19.47,37.18,30.63,37.39
76.71,5.08,59.18,22.02,11.60,62.72,32.27,24.02,36.08,72.29,56.57,4.00,6.81,69.09,60.44,27.91,1.72,82.65,3.40,27.40,52.02,5.77,36.93,37.19,29.33,65.62,11.33,40.49,22.26,76.63,66.46,31.14,14.68,64.33,47.08,71.73,29.45,69.45,3.95,21.66,57.40,6.93,50.59,72.93,59.13,1.31,38.97,52.22,16.04,76.24,77.73,66.66,58.27,4.48,1.27,83.02,54.75,48.15,63.73,63.01,60.71,7.13,52.47,29.86,0.00,77.62,58.73,5.21,55.34,7.68,0.55,70.05,41.18,74.77,80.15,73.20,6.43,25.03,55.65,34.23,48.90,35.49,37.99,58.39,46.65,28.63,62.81,1.56,53.15,6.82,62.82,4.55,68.28,65.09,9.27,57.28,49.33,67.04,0.78,67.24
0.91,72.54,18.43,55.59,66.02,14.90,45.35,53.60,41.54,5.33,21.05,73.62,84.43,8.52,17.18,49.71,75.90,5.03,81.02,50.22,25.60,71.85,40.69,40.43,48.29,12.00,66.29,37.13,55.36,0.98,11.15,46.47,62.93,13.28,30.54,5.89,48.17,8.16,81.57,55.95,20.22,70.69,27.02,4.68,18.49,78.93,38.65,25.40,61.57,1.37,0.11,10.96,19.35,82.10,78.88,5.40,22.87,29.47,13.89,14.61,16.91,84.75,25.15,47.76,77.62,0.00,18.89,72.41,22.27,69.94,77.07,7.57,36.44,2.85,2.53,4.42,71.18,52.59,21.97,43.39,28.71,42.13,39.63,19.22,30.96,48.99,14.81,79.18,24.46,84.44,14.80,82.17,9.34,12.52,86.89,20.34,28.29,10.58,78.39,10.38
17.98,53.65,0.45,36.71,47.13,3.99,26.46,34.71,22.65,13.56,2.16,54.73,65.54,10.36,1.70,30.82,57.02,23.92,62.13,31.33,6.71,52.96,21.80,21.55,29.40,6.89,47.40,18.24,36.47,17.90,7.73,27.59,44.05,5.60,11.65,13.00,29.28,10.72,62.68,37.07,1.33,51.81,8.14,14.20,0.40,60.04,19.76,6.52,42.69,17.51,19.00,7.93,0.46,63.22,60.00,24.29,3.98,10.58,5.00,4.27,1.97,65.86,6.26,28.88,58.73,18.89,0.00,53.52,3.39,51.05,58.18,11.32,17.56,16.04,21.42,14.47,52.30,33.70,3.08,24.50,9.83,23.24,20.74,0.34,12.08,30.10,4.07,60.29,5.58,65.55,4.09,63.28,9.55,6.36,68.00,1.45,9.40,8.31,59.51,8.51
71.50,0.13,53.98,16.82,6.39,57.51,27.06,18.81,30.87,67.08,51.36,1.21,12.02,63.89,55.23,22.70,3.49,77.44,8.61,22.19,46.81,0.56,31.72,31.98,24.12,60.41,6.12,35.28,17.05,71.43,61.26,25.93,9.48,59.13,41.87,66.52,24.24,64.25,9.16,16.46,52.19,1.72,45.39,67.73,53.92,6.52,33.76,47.01,10.84,71.04,72.52,61.45,53.06,9.69,6.47,77.81,49.54,42.94,58.52,57.80,55.50,12.34,47.26,24.65,5.21,72.41,53.52,0.00,50.14,2.47,4.66,64.84,35.97,69.56,74.94,67.99,1.23,19.82,50.44,29.02,43.70,30.28,32.78,53.19,41.45,23.42,57.60,6.77,47.95,12.03,57.61,9.76,63.07,59.89,14.48,52.07,44.12,61.83,5.98,62.03
21.37,50.26,3.84,33.32,43.74,7.37,23.08,31.32,19.27,16.95,1.23,51.35,62.15,13.75,5.09,27.44,53.63,27.31,58.75,27.95,3.32,49.58,18.41,18.16,26.01,10.28,44.01,14.85,33.08,21.29,11.12,24.20,40.66,8.99,8.26,16.39,25.89,14.11,59.30,33.68,2.06,48.42,4.75,17.59,3.79,56.66,16.37,3.13,39.30,20.90,22.38,11.31,2.93,59.83,56.61,27.68,0.59,7.20,8.39,7.66,5.36,62.48,2.87,25.49,55.34,22.27,3.39,50.14,0.00,47.66,54.79,14.71,14.17,19.42,24.81,17.86,48.91,30.32,0.31,21.11,6.44,19.86,17.35,3.05,8.69,26.71,7.46,56.90,2.19,62.16,7.48,59.89,12.94,9.75,64.61,1.93,6.01,11.69,56.12,11.90
