0.00,24.41,17.32,0.76,63.49,55.24,5.07,32.31,61.08,62.63,54.27,23.85,28.61,35.85,2.79,58.23,62.06,6.01,12.00,46.10,26.22,63.72,2.55,15.28,31.28,15.70,50.60,3.96,37.31,37.90,13.78,36.71,13.76,27.15,4.60,12.06,19.02,44.13,5.16,17.26,11.02,55.10,57.96,7.99,8.68,47.79,46.43,6.69,53.73,30.91,56.15,3.77,35.25,20.27,59.62,23.24,38.31,22.33,3.67,29.80,38.01,37.51,54.95,8.17,5.21,17.04,25.84,16.85,14.77,37.62,12.38,2.79,34.32,12.24,0.07,52.35,11.00,42.50,52.04,24.23,60.88,11.41,42.33,29.65,6.36,6.96,31.27,5.39,8.41,31.44,41.88,30.58,14.87,46.47,33.30,11.22,20.92,25.30,57.16,0.75
24.41,0.00,41.73,23.65,39.08,30.82,29.48,56.72,36.67,38.21,29.86,48.26,53.02,11.44,21.62,33.82,37.65,18.41,36.41,21.69,1.81,39.31,21.86,9.14,55.69,40.11,26.19,20.45,12.89,13.49,10.64,12.30,38.17,2.73,19.81,36.47,43.43,19.71,29.58,41.68,35.43,30.68,33.55,16.42,15.73,23.37,22.02,17.72,29.32,6.49,31.73,28.18,59.66,44.69,35.20,47.66,13.90,46.74,28.08,5.38,13.59,13.09,30.54,16.24,29.62,7.37,1.43,7.56,39.18,13.21,12.03,27.21,58.74,12.17,24.48,27.93,35.42,18.08,27.62,48.65,36.46,13.00,17.91,5.24,30.77,17.46,6.85,19.02,16.01,7.03,17.47,6.17,39.29,22.06,57.72,13.19,45.34,49.72,32.75,25.17
17.32,41.73,0.00,18.08,80.81,72.55,12.25,14.99,78.40,79.95,71.59,6.53,11.29,53.17,20.11,75.55,79.38,23.32,5.32,63.42,43.54,81.04,19.87,32.59,13.96,1.62,67.92,21.28,54.62,55.22,31.10,54.03,3.56,44.46,21.92,5.26,1.70,61.44,12.16,0.05,6.30,72.42,75.28,25.31,26.00,65.10,63.75,24.01,71.05,48.23,73.46,13.55,17.93,2.95,76.94,5.92,55.63,5.01,13.65,47.12,55.32,54.82,72.27,25.49,12.11,34.36,43.16,34.17,2.55,54.94,29.70,14.52,17.01,29.56,17.25,69.67,6.31,59.81,69.36,6.92,78.20,28.73,59.65,46.97,10.96,24.27,48.58,22.71,25.72,48.76,59.20,47.90,2.45,63.79,15.99,28.54,3.61,7.99,74.48,16.57
0.76,23.65,18.08,0.00,62.73,54.47,5.83,33.07,60.32,61.87,53.51,24.61,29.37,35.09,2.03,57.47,61.30,5.24,12.76,45.34,25.46,62.96,1.79,14.52,32.04,16.46,49.84,3.20,36.55,37.14,13.02,35.95,14.52,26.39,3.84,12.82,19.78,43.37,5.92,18.02,11.78,54.34,57.20,7.23,7.92,47.03,45.67,5.93,52.97,30.15,55.39,4.53,36.01,21.03,58.86,24.00,37.55,23.09,4.43,29.04,37.25,36.75,54.19,7.41,5.97,16.28,25.08,16.09,15.53,36.86,11.62,3.55,35.09,11.48,0.83,51.59,11.77,41.74,51.28,24.99,60.12,10.65,41.57,28.89,7.12,6.20,30.51,4.63,7.64,30.68,41.12,29.82,15.63,45.71,34.06,10.46,21.68,26.06,56.40,1.51
63.49,39.08,80.81,62.73,0.00,8.26,68.56,95.80,2.41,0.87,9.22,87.35,92.10,27.64,60.71,5.26,1.43,57.49,75.49,17.39,37.27,0.22,60.94,48.22,94.77,79.19,12.89,59.53,26.19,25.59,49.72,26.78,77.25,36.35,58.89,75.55,82.52,19.37,68.66,80.76,74.52,8.40,5.54,55.50,54.82,15.71,17.07,56.80,9.76,32.59,7.35,67.26,98.74,83.77,3.88,86.74,25.18,85.83,67.16,33.70,25.49,25.99,8.54,55.32,68.70,46.45,37.65,46.64,78.26,25.87,51.11,66.29,97.82,51.26,63.56,11.15,74.50,21.00,11.46,87.73,2.62,52.08,21.17,33.84,69.85,56.54,32.23,58.11,55.09,32.05,21.61,32.91,78.37,17.02,96.80,52.27,84.42,88.80,6.33,64.25
55.24,30.82,72.55,54.47,8.26,0.00,60.30,87.54,5.85,7.39,0.96,79.09,83.85,19.38,52.45,3.00,6.83,49.23,67.23,9.13,29.01,8.48,52.68,39.96,86.51,70.93,4.63,51.27,17.93,17.33,41.46,18.52,68.99,28.09,50.63,67.29,74.26,11.11,60.40,72.50,66.26,0.14,2.72,47.24,46.56,7.45,8.81,48.54,1.50,24.33,0.91,59.00,90.48,75.51,4.38,78.48,16.92,77.57,58.90,25.44,17.23,17.73,0.28,47.06,60.44,38.19,29.39,38.38,70.00,17.61,42.85,58.03,89.56,43.00,55.30,2.89,66.24,12.74,3.20,79.47,5.64,43.82,12.91,25.58,61.59,48.28,23.97,49.85,46.83,23.79,13.35,24.65,70.11,8.76,88.54,44.01,76.16,80.54,1.93,55.99
5.07,29.48,12.25,5.83,68.56,60.30,0.00,27.24,66.15,67.70,59.34,18.78,23.54,40.92,7.86,63.30,67.13,11.07,6.93,51.17,31.29,68.79,7.62,20.35,26.21,10.63,55.67,9.03,42.37,42.97,18.85,41.78,8.69,32.22,9.67,6.99,13.95,49.20,0.09,12.19,5.95,60.17,63.03,13.06,13.75,52.85,51.50,11.76,58.80,35.98,61.22,1.30,30.18,15.20,64.69,18.17,43.38,17.26,1.40,34.87,43.07,42.58,60.02,13.24,0.14,22.11,30.91,21.92,9.70,42.69,17.45,2.28,29.26,17.31,5.00,57.42,5.94,47.56,57.11,19.16,65.95,16.48,47.40,34.72,1.29,12.03,36.34,10.46,13.47,36.51,46.95,35.65,9.80,51.54,28.23,16.29,15.85,20.23,62.23,4.32
32.31,56.72,14.99,33.07,95.80,87.54,27.24,0.00,93.39,94.94,86.58,8.46,3.70,68.16,35.10,90.54,94.37,38.31,20.31,78.41,58.53,96.03,34.86,47.59,1.03,16.61,82.91,36.27,69.62,70.21,46.09,69.02,18.55,59.46,36.91,20.25,13.29,76.44,27.15,15.05,21.29,87.41,90.27,40.30,40.99,80.10,78.74,39.00,86.04,63.22,88.46,28.54,2.94,12.04,91.93,9.07,70.62,9.98,28.64,62.11,70.32,69.82,87.26,40.48,27.10,49.35,58.15,49.16,17.54,69.93,44.69,29.52,2.02,44.55,32.24,84.66,21.30,74.81,84.35,8.08,93.19,43.72,74.64,61.96,25.95,39.27,63.58,37.70,40.72,63.75,74.19,62.89,17.44,78.78,0.99,43.53,11.39,7.01,89.47,31.56
61.08,36.67,78.40,60.32,2.41,5.85,66.15,93.39,0.00,1.54,6.81,84.93,89.69,25.23,58.29,2.85,0.98,55.08,73.08,14.98,34.86,2.64,58.53,45.81,92.36,76.78,10.48,57.12,23.78,23.18,47.31,24.37,74.84,33.94,56.48,73.14,80.11,16.96,66.25,78.35,72.10,5.99,3.13,53.09,52.40,13.30,14.65,54.39,7.35,30.18,4.94,64.85,96.33,81.36,1.47,84.33,22.77,83.42,64.75,31.29,23.08,23.58,6.13,52.91,66.29,44.04,35.24,44.23,75.85,23.46,48.70,63.88,95.41,48.84,61.15,8.74,72.09,18.59,9.05,85.32,0.21,49.67,18.76,31.43,67.44,54.13,29.82,55.69,52.68,29.64,19.20,30.50,75.96,14.61,94.39,49.86,82.01,86.39,3.92,61.84
62.63,38.21,79.95,61.87,0.87,7.39,67.70,94.94,1.54,0.00,8.35,86.48,91.24,26.77,59.84,4.39,0.56,56.62,74.62,16.52,36.40,1.09,60.08,47.35,93.90,78.33,12.02,58.66,25.32,24.73,48.85,25.92,76.38,35.48,58.02,74.69,81.65,18.50,67.79,79.89,73.65,7.53,4.67,54.64,53.95,14.84,16.20,55.93,8.89,31.72,6.48,66.39,97.88,82.90,3.01,85.87,24.32,84.96,66.30,32.83,24.62,25.12,7.68,54.45,67.83,45.59,36.79,45.78,77.39,25.01,50.25,65.42,96.95,50.39,62.69,10.28,73.63,20.13,10.59,86.86,1.75,51.21,20.30,32.98,68.99,55.67,31.36,57.24,54.22,31.19,20.75,32.04,77.50,16.16,95.93,51.40,83.55,87.93,5.47,63.38
54.27,29.86,71.59,53.51,9.22,0.96,59.34,86.58,6.81,8.35,0.00,78.12,82.88,18.42,51.48,3.96,7.79,48.27,66.27,8.17,28.05,9.45,51.72,39.00,85.55,69.97,3.67,50.31,16.97,16.37,40.49,17.56,68.03,27.13,49.67,66.33,73.29,10.15,59.43,71.54,65.29,0.83,3.69,46.28,45.59,6.49,7.84,47.58,0.54,23.37,1.87,58.04,89.52,74.54,5.35,77.52,15.96,76.60,57.94,24.47,16.27,16.77,0.68,46.10,59.48,37.23,28.43,37.42,69.04,16.65,41.89,57.07,88.60,42.03,54.34,1.93,65.28,11.78,2.23,78.51,6.60,42.86,11.94,24.62,60.63,47.32,23.01,48.88,45.87,22.83,12.39,23.69,69.14,7.80,87.58,43.05,75.20,79.58,2.89,55.03
23.85,48.26,6.53,24.61,87.35,79.09,18.78,8.46,84.93,86.48,78.12,0.00,4.76,59.71,26.64,82.08,85.91,29.86,11.86,69.96,50.07,87.57,26.40,39.13,7.43,8.15,74.46,27.81,61.16,61.75,37.63,60.56,10.09,51.00,28.46,11.79,4.83,67.98,18.69,6.59,12.83,78.95,81.81,31.84,32.53,71.64,70.28,30.54,77.58,54.76,80.00,20.08,11.40,3.58,83.47,0.61,62.16,1.52,20.18,53.65,61.86,61.36,78.80,32.02,18.65,40.89,49.69,40.70,9.08,61.47,36.23,21.06,10.47,36.09,23.79,76.20,12.85,66.35,75.89,0.38,84.73,35.26,66.18,53.50,17.49,30.81,55.12,29.24,32.26,55.29,65.73,54.43,8.98,70.32,9.45,35.08,2.93,1.45,81.01,23.10
28.61,53.02,11.29,29.37,92.10,83.85,23.54,3.70,89.69,91.24,82.88,4.76,0.00,64.46,31.40,86.84,90.67,34.62,16.61,74.71,54.83,92.33,31.16,43.89,2.67,12.91,79.21,32.57,65.92,66.51,42.39,65.32,14.85,55.76,33.21,16.55,9.59,72.74,23.45,11.35,17.59,83.71,86.57,36.60,37.29,76.40,75.04,35.30,82.34,59.52,84.76,24.84,6.64,8.34,88.23,5.37,66.92,6.28,24.94,58.41,66.62,66.12,83.56,36.78,23.40,45.65,54.45,45.46,13.84,66.23,40.99,25.82,5.71,40.85,28.54,80.96,17.61,71.11,80.65,4.38,89.49,40.02,70.94,58.26,22.25,35.57,59.88,34.00,37.02,60.05,70.49,59.19,13.74,75.08,4.69,39.83,7.69,3.31,85.77,27.86
35.85,11.44,53.17,35.09,27.64,19.38,40.92,68.16,25.23,26.77,18.42,59.71,64.46,0.00,33.06,22.38,26.21,29.85,47.85,10.25,9.63,27.86,33.30,20.58,67.13,51.55,14.75,31.89,1.45,2.05,22.08,0.86,49.61,8.71,31.25,47.91,54.88,8.27,41.02,53.12,46.88,19.24,22.10,27.86,27.18,11.93,10.57,29.16,17.88,4.95,20.29,39.62,71.10,56.13,23.76,59.10,2.46,58.19,39.52,6.06,2.15,1.65,19.10,27.68,41.06,18.81,10.01,19.00,50.62,1.77,23.47,38.65,70.18,23.62,35.92,16.49,46.86,6.64,16.18,60.09,25.02,24.44,6.47,6.20,42.21,28.90,4.59,30.46,27.45,4.41,6.03,5.27,50.73,10.62,69.16,24.63,56.78,61.16,21.31,36.61
2.79,21.62,20.11,2.03,60.71,52.45,7.86,35.10,58.29,59.84,51.48,26.64,31.40,33.06,0.00,55.44,59.27,3.22,14.78,43.31,23.43,60.93,0.24,12.49,34.07,18.49,47.81,1.17,34.52,35.11,10.99,33.92,16.55,24.36,1.81,14.85,21.81,41.34,7.95,20.05,13.81,52.31,55.17,5.20,5.89,45.00,43.64,3.90,50.94,28.12,53.36,6.56,38.04,23.06,56.83,26.03,35.52,25.12,6.46,27.01,35.22,34.72,52.16,5.38,8.00,14.25,23.05,14.06,17.56,34.83,9.59,5.58,37.11,9.45,2.86,49.56,13.79,39.71,49.25,27.02,58.09,8.62,39.54,26.86,9.15,4.17,28.48,2.60,5.62,28.65,39.09,27.79,17.66,43.68,36.09,8.43,23.71,28.09,54.37,3.54
58.23,33.82,75.55,57.47,5.26,3.00,63.30,90.54,2.85,4.39,3.96,82.08,86.84,22.38,55.44,0.00,3.83,52.23,70.23,12.13,32.01,5.49,55.68,42.96,89.51,73.93,7.63,54.27,20.93,20.33,44.46,21.52,71.99,31.09,53.63,70.29,77.25,14.11,63.40,75.50,69.25,3.14,0.27,50.24,49.55,10.45,11.80,51.54,4.50,27.33,2.09,62.00,93.48,78.51,1.38,81.48,19.92,80.56,61.90,28.44,20.23,20.73,3.28,50.06,63.44,41.19,32.39,41.38,73.00,20.61,45.85,61.03,92.56,45.99,58.30,5.89,69.24,15.74,6.20,82.47,2.64,46.82,15.91,28.58,64.59,51.28,26.97,52.84,49.83,26.79,16.35,27.65,73.11,11.76,91.54,47.01,79.16,83.54,1.07,58.99
62.06,37.65,79.38,61.30,1.43,6.83,67.13,94.37,0.98,0.56,7.79,85.91,90.67,26.21,59.27,3.83,0.00,56.06,74.06,15.96,35.84,1.66,59.51,46.79,93.34,77.76,11.46,58.10,24.76,24.16,48.29,25.35,75.82,34.92,57.46,74.12,81.09,17.94,67.23,79.33,73.08,6.97,4.10,54.07,53.38,14.28,15.63,55.37,8.33,31.16,5.92,65.83,97.31,82.34,2.45,85.31,23.75,84.40,65.73,32.27,24.06,24.56,7.11,53.89,67.27,45.02,36.22,45.21,76.83,24.44,49.68,64.86,96.39,49.82,62.13,9.72,73.07,19.57,10.03,86.30,1.19,50.65,19.74,32.41,68.42,55.11,30.80,56.67,53.66,30.62,20.18,31.48,76.94,15.59,95.37,50.84,82.99,87.37,4.90,62.82
6.01,18.41,23.32,5.24,57.49,49.23,11.07,38.31,55.08,56.62,48.27,29.86,34.62,29.85,3.22,52.23,56.06,0.00,18.00,40.10,20.22,57.71,3.45,9.27,37.28,21.70,44.60,2.04,31.30,31.90,7.77,30.71,19.76,21.14,1.40,18.06,25.03,38.12,11.17,23.27,17.03,49.09,51.95,1.99,2.67,41.78,40.42,0.69,47.73,24.90,50.14,9.77,41.25,26.28,53.61,29.25,32.30,28.34,9.67,23.79,32.00,31.50,48.95,2.17,11.21,11.04,19.84,10.85,20.77,31.62,6.38,8.80,40.33,6.23,6.07,46.34,17.01,36.49,46.03,30.24,54.87,5.41,36.32,23.65,12.36,0.95,25.26,0.62,2.40,25.44,35.88,24.58,20.88,40.47,39.31,5.22,26.93,31.31,51.16,6.76
12.00,36.41,5.32,12.76,75.49,67.23,6.93,20.31,73.08,74.62,66.27,11.86,16.61,47.85,14.78,70.23,74.06,18.00,0.00,58.10,38.22,75.71,14.55,27.27,19.28,3.70,62.60,15.96,49.30,49.90,25.77,48.71,1.76,39.14,16.60,0.06,7.03,56.12,6.83,5.27,0.97,67.09,69.95,19.99,20.67,59.78,58.42,18.69,65.73,42.90,68.14,8.23,23.25,8.28,71.61,11.25,50.31,10.34,8.33,41.79,50.00,49.50,66.95,20.17,6.79,29.04,37.84,28.85,2.77,49.62,24.38,9.20,22.33,24.23,11.93,64.34,0.99,54.49,64.03,12.24,72.87,23.41,54.32,41.65,5.64,18.95,43.26,17.38,20.40,43.44,53.88,42.58,2.88,58.47,21.31,23.22,8.93,13.31,69.16,11.24
46.10,21.69,63.42,45.34,17.39,9.13,51.17,78.41,14.98,16.52,8.17,69.96,74.71,10.25,43.31,12.13,15.96,40.10,58.10,0.00,19.88,17.61,43.55,30.83,77.38,61.80,4.50,42.14,8.80,8.20,32.33,9.39,59.86,18.96,41.50,58.16,65.13,1.98,51.27,63.37,57.13,8.99,11.85,38.11,37.43,1.68,0.32,39.41,7.63,15.20,10.04,49.87,81.35,66.38,13.51,69.35,7.79,68.44,49.77,16.31,8.10,8.60,8.85,37.93,51.31,29.06,20.26,29.25,60.87,8.48,33.72,48.90,80.43,33.86,46.17,6.24,57.11,3.61,5.93,70.34,14.77,34.69,3.78,16.45,52.46,39.15,14.84,40.71,37.70,14.66,4.22,15.52,60.98,0.37,79.41,34.88,67.03,71.41,11.06,46.86
26.22,1.81,43.54,25.46,37.27,29.01,31.29,58.53,34.86,36.40,28.05,50.07,54.83,9.63,23.43,32.01,35.84,20.22,38.22,19.88,0.00,37.50,23.67,10.95,57.50,41.92,24.38,22.26,11.08,11.68,12.44,10.49,39.98,0.92,21.62,38.28,45.24,17.90,31.38,43.49,37.24,28.88,31.74,18.23,17.54,21.56,20.21,19.53,27.51,4.68,29.92,29.99,61.47,46.49,33.40,49.46,12.09,48.55,29.89,3.58,11.78,11.28,28.73,18.05,31.43,9.18,0.38,9.37,40.99,11.40,13.84,29.02,60.55,13.98,26.29,26.12,37.23,16.27,25.82,50.46,34.65,14.81,16.11,3.43,32.58,19.27,5.04,20.83,17.82,5.22,15.66,4.36,41.09,20.25,59.53,15.00,47.15,51.53,30.94,26.98
63.72,39.31,81.04,62.96,0.22,8.48,68.79,96.03,2.64,1.09,9.45,87.57,92.33,27.86,60.93,5.49,1.66,57.71,75.71,17.61,37.50,0.00,61.17,48.44,95.00,79.42,13.11,59.76,26.41,25.82,49.94,27.01,77.48,36.57,59.11,75.78,82.74,19.59,68.88,80.98,74.74,8.62,5.76,55.73,55.04,15.93,17.29,57.03,9.99,32.81,7.57,67.49,98.97,83.99,4.10,86.96,25.41,86.05,67.39,33.92,25.71,26.21,8.77,55.55,68.92,46.68,37.88,46.87,78.49,26.10,51.34,66.51,98.04,51.48,63.79,11.37,74.72,21.22,11.68,87.95,2.84,52.31,21.39,34.07,70.08,56.76,32.45,58.33,55.31,32.28,21.84,33.14,78.59,17.25,97.02,52.49,84.64,89.02,6.56,64.47
2.55,21.86,19.87,1.79,60.94,52.68,7.62,34.86,58.53,60.08,51.72,26.40,31.16,33.30,0.24,55.68,59.51,3.45,14.55,43.55,23.67,61.17,0.00,12.73,33.83,18.25,48.05,1.41,34.76,35.35,11.23,34.16,16.31,24.60,2.05,14.61,21.57,41.58,7.71,19.81,13.57,52.55,55.41,5.44,6.13,45.24,43.88,4.14,51.18,28.36,53.60,6.32,37.80,22.82,57.07,25.79,35.76,24.88,6.22,27.25,35.46,34.96,52.40,5.62,7.76,14.49,23.29,14.30,17.32,35.07,9.83,5.34,36.88,9.69,2.62,49.80,13.56,39.95,49.49,26.78,58.33,8.86,39.78,27.10,8.91,4.41,28.72,2.84,5.85,28.89,39.33,28.03,17.42,43.92,35.85,8.67,23.47,27.85,54.61,3.30
15.28,9.14,32.59,14.52,48.22,39.96,20.35,47.59,45.81,47.35,39.00,39.13,43.89,20.58,12.49,42.96,46.79,9.27,27.27,30.83,10.95,48.44,12.73,0.00,46.55,30.97,35.33,11.31,22.03,22.63,1.50,21.43,29.03,11.87,10.67,27.33,34.30,28.85,20.44,32.54,26.30,39.82,42.68,7.29,6.60,32.51,31.15,8.58,38.46,15.63,40.87,19.04,50.53,35.55,44.34,38.52,23.03,37.61,18.94,14.52,22.73,22.23,39.68,7.10,20.48,1.76,10.56,1.57,30.04,22.35,2.89,18.07,49.60,3.04,15.34,37.07,26.28,27.22,36.76,39.51,45.60,3.86,27.05,14.38,21.64,8.32,15.99,9.89,6.87,16.16,26.61,15.31,30.15,31.20,48.58,4.05,36.20,40.58,41.88,16.03
31.28,55.69,13.96,32.04,94.77,86.51,26.21,1.03,92.36,93.90,85.55,7.43,2.67,67.13,34.07,89.51,93.34,37.28,19.28,77.38,57.50,95.00,33.83,46.55,0.00,15.58,81.88,35.24,68.58,69.18,45.06,67.99,17.52,58.42,35.88,19.22,12.26,75.40,26.12,14.01,20.26,86.38,89.24,39.27,39.96,79.06,77.71,37.97,85.01,62.18,87.42,27.51,3.97,11.00,90.89,8.03,69.59,8.95,27.61,61.07,69.28,68.78,86.23,39.45,26.07,48.32,57.12,48.13,16.51,68.90,43.66,28.48,3.05,43.52,31.21,83.62,20.27,73.77,83.31,7.04,92.15,42.69,73.60,60.93,24.92,38.23,62.54,36.67,39.68,62.72,73.16,61.86,16.41,77.75,2.03,42.50,10.35,5.97,88.44,30.52
15.70,40.11,1.62,16.46,79.19,70.93,10.63,16.61,76.78,78.33,69.97,8.15,12.91,51.55,18.49,73.93,77.76,21.70,3.70,61.80,41.92,79.42,18.25,30.97,15.58,0.00,66.30,19.66,53.00,53.60,29.48,52.41,1.94,42.84,20.30,3.64,3.32,59.82,10.54,1.57,4.68,70.80,73.66,23.69,24.38,63.48,62.13,22.39,69.43,46.61,71.84,11.93,19.55,4.57,75.32,7.54,54.01,6.63,12.03,45.50,53.70,53.20,70.65,23.87,10.49,32.74,41.54,32.55,0.93,53.32,28.08,12.90,18.63,27.94,15.63,68.05,4.69,58.19,67.74,8.54,76.58,27.11,58.03,45.35,9.34,22.65,46.96,21.09,24.10,47.14,57.58,46.28,0.83,62.17,17.61,26.92,5.23,9.61,72.86,14.95
50.60,26.19,67.92,49.84,12.89,4.63,55.67,82.91,10.48,12.02,3.67,74.46,79.21,14.75,47.81,7.63,11.46,44.60,62.60,4.50,24.38,13.11,48.05,35.33,81.88,66.30,0.00,46.64,13.30,12.70,36.83,13.89,64.36,23.46,46.00,62.66,69.63,6.48,55.77,67.87,61.63,4.49,7.35,42.61,41.93,2.82,4.18,43.91,3.13,19.70,5.54,54.37,85.85,70.88,9.01,73.85,12.29,72.94,54.27,20.81,12.60,13.10,4.35,42.43,55.81,33.56,24.76,33.75,65.37,12.98,38.22,53.40,84.93,38.36,50.67,1.74,61.61,8.11,1.43,74.84,10.27,39.19,8.28,20.95,56.96,43.65,19.34,45.21,42.20,19.16,8.72,20.02,65.48,4.13,83.91,39.38,71.53,75.91,6.56,51.36
3.96,20.45,21.28,3.20,59.53,51.27,9.03,36.27,57.12,58.66,50.31,27.81,32.57,31.89,1.17,54.27,58.10,2.04,15.96,42.14,22.26,59.76,1.41,11.31,35.24,19.66,46.64,0.00,33.34,33.94,9.82,32.75,17.72,23.18,0.64,16.02,22.98,40.16,9.12,21.23,14.98,51.14,54.00,4.03,4.72,43.82,42.47,2.73,49.77,26.94,52.18,7.73,39.21,24.23,55.66,27.21,34.35,26.29,7.63,25.84,34.04,33.54,50.99,4.21,9.17,13.08,21.88,12.89,18.73,33.66,8.42,6.76,38.29,8.28,4.03,48.38,14.97,38.53,48.08,28.20,56.91,7.45,38.37,25.69,10.32,2.99,27.30,1.43,4.44,27.48,37.92,26.62,18.83,42.51,37.27,7.26,24.89,29.27,53.20,4.72
37.31,12.89,54.62,36.55,26.19,17.93,42.37,69.62,23.78,25.32,16.97,61.16,65.92,1.45,34.52,20.93,24.76,31.30,49.30,8.80,11.08,26.41,34.76,22.03,68.58,53.00,13.30,33.34,0.00,0.60,23.53,0.60,51.06,10.16,32.70,49.36,56.33,6.82,42.47,54.57,48.33,17.79,20.65,29.31,28.63,10.48,9.12,30.61,16.43,6.40,18.84,41.07,72.56,57.58,22.31,60.55,1.00,59.64,40.97,7.51,0.70,0.20,17.65,29.13,42.51,20.26,11.47,20.45,52.07,0.32,24.92,40.10,71.63,25.07,37.37,15.04,48.31,5.19,14.73,61.54,23.57,25.89,5.02,7.65,43.66,30.35,6.04,31.92,28.90,5.86,4.58,6.72,52.18,9.17,70.61,26.08,58.23,62.61,19.85,38.06
37.90,13.49,55.22,37.14,25.59,17.33,42.97,70.21,23.18,24.73,16.37,61.75,66.51,2.05,35.11,20.33,24.16,31.90,49.90,8.20,11.68,25.82,35.35,22.63,69.18,53.60,12.70,33.94,0.60,0.00,24.12,1.19,51.66,10.75,33.30,49.96,56.92,6.22,43.06,55.16,48.92,17.20,20.06,29.91,29.22,9.88,8.53,31.21,15.83,6.99,18.25,41.67,73.15,58.17,21.72,61.14,0.41,60.23,41.57,8.10,0.10,0.40,17.05,29.73,43.11,20.86,12.06,21.05,52.67,0.28,25.52,40.70,72.23,25.66,37.97,14.45,48.91,4.59,14.14,62.13,22.98,26.49,4.43,8.25,44.26,30.94,6.63,32.51,29.50,6.46,3.98,7.32,52.77,8.57,71.20,26.68,58.83,63.20,19.26,38.65
13.78,10.64,31.10,13.02,49.72,41.46,18.85,46.09,47.31,48.85,40.49,37.63,42.39,22.08,10.99,44.46,48.29,7.77,25.77,32.33,12.44,49.94,11.23,1.50,45.06,29.48,36.83,9.82,23.53,24.12,0.00,22.93,27.53,13.37,9.17,25.84,32.80,30.35,18.94,31.04,24.80,41.32,44.18,5.79,5.10,34.01,32.65,7.08,39.96,17.13,42.37,17.55,49.03,34.05,45.84,37.02,24.53,36.11,17.45,16.02,24.23,23.73,41.17,5.60,18.98,3.26,12.06,3.07,28.55,23.84,1.40,16.57,48.10,1.54,13.84,38.57,24.78,28.72,38.26,38.01,47.10,2.36,28.55,15.87,20.14,6.82,17.49,8.39,5.37,17.66,28.10,16.81,28.65,32.69,47.08,2.55,34.70,39.08,43.38,14.53
36.71,12.30,54.03,35.95,26.78,18.52,41.78,69.02,24.37,25.92,17.56,60.56,65.32,0.86,33.92,21.52,25.35,30.71,48.71,9.39,10.49,27.01,34.16,21.43,67.99,52.41,13.89,32.75,0.60,1.19,22.93,0.00,50.47,9.56,32.11,48.77,55.73,7.42,41.87,53.97,47.73,18.39,21.25,28.72,28.03,11.08,9.72,30.02,17.02,5.80,19.44,40.48,71.96,56.98,22.91,59.95,1.60,59.04,40.38,6.91,1.30,0.80,18.24,28.54,41.92,19.67,10.87,19.86,51.48,0.91,24.33,39.50,71.04,24.47,36.78,15.64,47.72,5.79,15.33,60.94,24.17,25.30,5.62,7.06,43.07,29.75,5.44,31.32,28.31,5.27,5.17,6.13,51.58,9.76,70.01,25.49,57.63,62.01,20.45,37.46
13.76,38.17,3.56,14.52,77.25,68.99,8.69,18.55,74.84,76.38,68.03,10.09,14.85,49.61,16.55,71.99,75.82,19.76,1.76,59.86,39.98,77.48,16.31,29.03,17.52,1.94,64.36,17.72,51.06,51.66,27.53,50.47,0.00,40.90,18.36,1.70,5.27,57.88,8.59,3.51,2.74,68.85,71.71,21.75,22.44,61.54,60.19,20.45,67.49,44.66,69.90,9.99,21.49,6.52,73.37,9.49,52.07,8.58,10.09,43.55,51.76,51.26,68.71,21.93,8.55,30.80,39.60,30.61,1.01,51.38,26.14,10.96,20.57,26.00,13.69,66.10,2.75,56.25,65.79,10.48,74.63,25.17,56.08,43.41,7.40,20.71,45.02,19.15,22.16,45.20,55.64,44.34,1.12,60.23,19.55,24.98,7.17,11.55,70.92,13.00
27.15,2.73,44.46,26.39,36.35,28.09,32.22,59.46,33.94,35.48,27.13,51.00,55.76,8.71,24.36,31.09,34.92,21.14,39.14,18.96,0.92,36.57,24.60,11.87,58.42,42.84,23.46,23.18,10.16,10.75,13.37,9.56,40.90,0.00,22.54,39.21,46.17,16.98,32.31,44.41,38.17,27.95,30.81,19.16,18.47,20.64,19.28,20.45,26.59,3.76,29.00,30.91,62.40,47.42,32.47,50.39,11.16,49.48,30.82,2.65,10.86,10.36,27.80,18.97,32.35,10.11,1.31,10.30,41.91,10.48,14.77,29.94,61.47,14.91,27.21,25.20,38.15,15.35,24.89,51.38,33.73,15.73,15.18,2.50,33.51,20.19,4.12,21.76,18.74,4.29,14.73,3.44,42.02,19.32,60.45,15.92,48.07,52.45,30.01,27.90
4.60,19.81,21.92,3.84,58.89,50.63,9.67,36.91,56.48,58.02,49.67,28.46,33.21,31.25,1.81,53.63,57.46,1.40,16.60,41.50,21.62,59.11,2.05,10.67,35.88,20.30,46.00,0.64,32.70,33.30,9.17,32.11,18.36,22.54,0.00,16.66,23.63,39.52,9.77,21.87,15.63,50.49,53.35,3.39,4.07,43.18,41.82,2.09,49.13,26.30,51.54,8.37,39.85,24.88,55.01,27.85,33.71,26.94,8.27,25.19,33.40,32.90,50.35,3.57,9.81,12.44,21.24,12.25,19.37,33.02,7.78,7.40,38.93,7.64,4.67,47.74,15.61,37.89,47.43,28.84,56.27,6.81,37.72,25.05,10.96,2.35,26.66,0.79,3.80,26.84,37.28,25.98,19.48,41.87,37.91,6.62,25.53,29.91,52.56,5.36
12.06,36.47,5.26,12.82,75.55,67.29,6.99,20.25,73.14,74.69,66.33,11.79,16.55,47.91,14.85,70.29,74.12,18.06,0.06,58.16,38.28,75.78,14.61,27.33,19.22,3.64,62.66,16.02,49.36,49.96,25.84,48.77,1.70,39.21,16.66,0.00,6.96,56.18,6.90,5.21,1.04,67.16,70.02,20.05,20.74,59.84,58.49,18.75,65.79,42.97,68.20,8.29,23.19,8.21,71.68,11.18,50.37,10.27,8.39,41.86,50.06,49.56,67.01,20.23,6.85,29.10,37.90,28.91,2.71,49.68,24.44,9.26,22.27,24.30,11.99,64.41,1.05,54.55,64.10,12.17,72.94,23.47,54.39,41.71,5.70,19.02,43.33,17.45,20.46,43.50,53.94,42.64,2.81,58.53,21.25,23.28,8.87,13.24,69.22,11.31
19.02,43.43,1.70,19.78,82.52,74.26,13.95,13.29,80.11,81.65,73.29,4.83,9.59,54.88,21.81,77.25,81.09,25.03,7.03,65.13,45.24,82.74,21.57,34.30,12.26,3.32,69.63,22.98,56.33,56.92,32.80,55.73,5.27,46.17,23.63,6.96,0.00,63.15,13.86,1.76,8.00,74.12,76.98,27.01,27.70,66.81,65.45,25.71,72.75,49.93,75.17,15.25,16.23,1.25,78.64,4.22,57.33,3.31,15.35,48.82,57.03,56.53,73.97,27.19,13.82,36.06,44.86,35.87,4.25,56.64,31.40,16.23,15.30,31.26,18.96,71.37,8.02,61.52,71.06,5.21,79.90,30.44,61.35,48.67,12.66,25.98,50.29,24.41,27.43,50.46,60.90,49.60,4.15,65.49,14.28,30.25,1.90,6.28,76.18,18.27
44.13,19.71,61.44,43.37,19.37,11.11,49.20,76.44,16.96,18.50,10.15,67.98,72.74,8.27,41.34,14.11,17.94,38.12,56.12,1.98,17.90,19.59,41.58,28.85,75.40,59.82,6.48,40.16,6.82,6.22,30.35,7.42,57.88,16.98,39.52,56.18,63.15,0.00,49.29,61.39,55.15,10.97,13.83,36.14,35.45,3.66,2.30,37.43,9.61,13.22,12.02,47.89,79.38,64.40,15.49,67.37,5.82,66.46,47.79,14.33,6.12,6.62,10.83,35.95,49.33,27.09,18.29,27.28,58.89,6.50,31.74,46.92,78.45,31.89,44.19,8.22,55.13,1.63,7.91,68.36,16.75,32.71,1.80,14.47,50.49,37.17,12.86,38.74,35.72,12.69,2.24,13.54,59.00,2.35,77.43,32.90,65.05,69.43,13.03,44.88
5.16,29.58,12.16,5.92,68.66,60.40,0.09,27.15,66.25,67.79,59.43,18.69,23.45,41.02,7.95,63.40,67.23,11.17,6.83,51.27,31.38,68.88,7.71,20.44,26.12,10.54,55.77,9.12,42.47,43.06,18.94,41.87,8.59,32.31,9.77,6.90,13.86,49.29,0.00,12.10,5.86,60.26,63.12,13.15,13.84,52.95,51.59,11.86,58.90,36.07,61.31,1.39,30.09,15.11,64.78,18.08,43.47,17.17,1.49,34.96,43.17,42.67,60.11,13.34,0.04,22.20,31.00,22.01,9.61,42.78,17.54,2.37,29.16,17.40,5.10,57.51,5.84,47.66,57.20,19.07,66.04,16.58,47.49,34.81,1.20,12.12,36.43,10.55,13.57,36.60,47.04,35.75,9.71,51.63,28.14,16.39,15.76,20.14,62.32,4.41
17.26,41.68,0.05,18.02,80.76,72.50,12.19,15.05,78.35,79.89,71.54,6.59,11.35,53.12,20.05,75.50,79.33,23.27,5.27,63.37,43.49,80.98,19.81,32.54,14.01,1.57,67.87,21.23,54.57,55.16,31.04,53.97,3.51,44.41,21.87,5.21,1.76,61.39,12.10,0.00,6.24,72.36,75.22,25.25,25.94,65.05,63.69,23.96,71.00,48.17,73.41,13.50,17.99,3.01,76.88,5.98,55.57,5.07,13.60,47.06,55.27,54.77,72.22,25.44,12.06,34.30,43.10,34.11,2.50,54.89,29.65,14.47,17.06,29.50,17.20,69.61,6.26,59.76,69.30,6.97,78.14,28.68,59.59,46.91,10.90,24.22,48.53,22.65,25.67,48.70,59.15,47.85,2.39,63.73,16.04,28.49,3.66,8.04,74.42,16.51
11.02,35.43,6.30,11.78,74.52,66.26,5.95,21.29,72.10,73.65,65.29,12.83,17.59,46.88,13.81,69.25,73.08,17.03,0.97,57.13,37.24,74.74,13.57,26.30,20.26,4.68,61.63,14.98,48.33,48.92,24.80,47.73,2.74,38.17,15.63,1.04,8.00,55.15,5.86,6.24,0.00,66.12,68.98,19.01,19.70,58.81,57.45,17.71,64.75,41.93,67.17,7.25,24.23,9.25,70.64,12.22,49.33,11.31,7.35,40.82,49.03,48.53,65.97,19.19,5.82,28.06,36.86,27.87,3.75,48.64,23.40,8.23,23.30,23.26,10.95,63.37,0.02,53.52,63.06,13.21,71.90,22.43,53.35,40.67,4.66,17.98,42.29,16.41,19.43,42.46,52.90,41.60,3.85,57.49,22.28,22.25,9.90,14.28,68.18,10.27
55.10,30.68,72.42,54.34,8.40,0.14,60.17,87.41,5.99,7.53,0.83,78.95,83.71,19.24,52.31,3.14,6.97,49.09,67.09,8.99,28.88,8.62,52.55,39.82,86.38,70.80,4.49,51.14,17.79,17.20,41.32,18.39,68.85,27.95,50.49,67.16,74.12,10.97,60.26,72.36,66.12,0.00,2.86,47.11,46.42,7.31,8.67,48.40,1.36,24.19,1.05,58.87,90.35,75.37,4.52,78.34,16.79,77.43,58.77,25.30,17.09,17.59,0.15,46.92,60.30,38.06,29.26,38.25,69.87,17.48,42.72,57.89,89.42,42.86,55.16,2.75,66.10,12.60,3.06,79.33,5.78,43.68,12.77,25.45,61.46,48.14,23.83,49.71,46.69,23.66,13.22,24.51,69.97,8.63,88.40,43.87,76.02,80.40,2.06,55.85
57.96,33.55,75.28,57.20,5.54,2.72,63.03,90.27,3.13,4.67,3.69,81.81,86.57,22.10,55.17,0.27,4.10,51.95,69.95,11.85,31.74,5.76,55.41,42.68,89.24,73.66,7.35,54.00,20.65,20.06,44.18,21.25,71.71,30.81,53.35,70.02,76.98,13.83,63.12,75.22,68.98,2.86,0.00,49.97,49.28,10.17,11.53,51.27,4.23,27.05,1.81,61.73,93.21,78.23,1.66,81.20,19.65,80.29,61.63,28.16,19.95,20.45,3.01,49.79,63.16,40.92,32.12,41.11,72.73,20.34,45.58,60.75,92.28,45.72,58.02,5.61,68.96,15.46,5.92,82.19,2.92,46.54,15.63,28.31,64.32,51.00,26.69,52.57,49.55,26.52,16.08,27.38,72.83,11.49,91.26,46.73,78.88,83.26,0.80,58.71
7.99,16.42,25.31,7.23,55.50,47.24,13.06,40.30,53.09,54.64,46.28,31.84,36.60,27.86,5.20,50.24,54.07,1.99,19.99,38.11,18.23,55.73,5.44,7.29,39.27,23.69,42.61,4.03,29.31,29.91,5.79,28.72,21.75,19.16,3.39,20.05,27.01,36.14,13.15,25.25,19.01,47.11,49.97,0.00,0.69,39.79,38.44,1.30,45.74,22.92,48.16,11.76,43.24,28.26,51.63,31.23,30.32,30.32,11.66,21.81,30.01,29.52,46.96,0.18,13.20,9.05,17.85,8.86,22.76,29.63,4.39,10.78,42.32,4.25,8.06,44.36,19.00,34.50,44.05,32.22,52.89,3.42,34.34,21.66,14.35,1.03,23.28,2.60,0.41,23.45,33.89,22.59,22.86,38.48,41.29,3.23,28.91,33.29,49.17,8.74
8.68,15.73,26.00,7.92,54.82,46.56,13.75,40.99,52.40,53.95,45.59,32.53,37.29,27.18,5.89,49.55,53.38,2.67,20.67,37.43,17.54,55.04,6.13,6.60,39.96,24.38,41.93,4.72,28.63,29.22,5.10,28.03,22.44,18.47,4.07,20.74,27.70,35.45,13.84,25.94,19.70,46.42,49.28,0.69,0.00,39.11,37.75,1.99,45.05,22.23,47.47,12.45,43.93,28.95,50.94,31.92,29.63,31.01,12.35,21.12,29.33,28.83,46.27,0.51,13.89,8.36,17.16,8.17,23.45,28.94,3.70,11.47,43.00,3.56,8.75,43.67,19.68,33.82,43.36,32.91,52.20,2.73,33.65,20.97,15.04,1.72,22.59,3.29,0.27,22.76,33.20,21.90,23.55,37.79,41.98,2.55,29.60,33.98,48.48,9.43
47.79,23.37,65.10,47.03,15.71,7.45,52.85,80.10,13.30,14.84,6.49,71.64,76.40,11.93,45.00,10.45,14.28,41.78,59.78,1.68,21.56,15.93,45.24,32.51,79.06,63.48,2.82,43.82,10.48,9.88,34.01,11.08,61.54,20.64,43.18,59.84,66.81,3.66,52.95,65.05,58.81,7.31,10.17,39.79,39.11,0.00,1.36,41.09,5.95,16.88,8.36,51.55,83.04,68.06,11.83,71.03,9.48,70.12,51.45,17.99,9.78,10.28,7.17,39.61,52.99,30.74,21.95,30.93,62.55,10.16,35.40,50.58,82.11,35.55,47.85,4.56,58.79,5.29,4.25,72.02,13.09,36.37,5.46,18.13,54.14,40.83,16.52,42.40,39.38,16.34,5.90,17.20,62.66,1.31,81.09,36.56,68.71,73.09,9.37,48.54
46.43,22.02,63.75,45.67,17.07,8.81,51.50,78.74,14.65,16.20,7.84,70.28,75.04,10.57,43.64,11.80,15.63,40.42,58.42,0.32,20.21,17.29,43.88,31.15,77.71,62.13,4.18,42.47,9.12,8.53,32.65,9.72,60.19,19.28,41.82,58.49,65.45,2.30,51.59,63.69,57.45,8.67,11.53,38.44,37.75,1.36,0.00,39.74,7.30,15.52,9.72,50.20,81.68,66.70,13.19,69.67,8.12,68.76,50.10,16.63,8.42,8.92,8.52,38.26,51.63,29.39,20.59,29.58,61.20,8.81,34.05,49.22,80.75,34.19,46.50,5.92,57.43,3.93,5.61,70.66,14.45,35.02,4.10,16.78,52.79,39.47,15.16,41.04,38.02,14.99,4.55,15.85,61.30,0.04,79.73,35.20,67.35,71.73,10.73,47.18
6.69,17.72,24.01,5.93,56.80,48.54,11.76,39.00,54.39,55.93,47.58,30.54,35.30,29.16,3.90,51.54,55.37,0.69,18.69,39.41,19.53,57.03,4.14,8.58,37.97,22.39,43.91,2.73,30.61,31.21,7.08,30.02,20.45,20.45,2.09,18.75,25.71,37.43,11.86,23.96,17.71,48.40,51.27,1.30,1.99,41.09,39.74,0.00,47.04,24.21,49.45,10.46,41.94,26.97,52.92,29.94,31.62,29.02,10.36,23.10,31.31,30.81,48.26,1.48,11.90,10.35,19.15,10.16,21.46,30.93,5.69,9.49,41.02,5.55,6.76,45.65,17.70,35.80,45.34,30.93,54.18,4.72,35.63,22.96,13.05,0.26,24.57,1.30,1.71,24.75,35.19,23.89,21.56,39.78,40.00,4.53,27.62,32.00,50.47,7.45
53.73,29.32,71.05,52.97,9.76,1.50,58.80,86.04,7.35,8.89,0.54,77.58,82.34,17.88,50.94,4.50,8.33,47.73,65.73,7.63,27.51,9.99,51.18,38.46,85.01,69.43,3.13,49.77,16.43,15.83,39.96,17.02,67.49,26.59,49.13,65.79,72.75,9.61,58.90,71.00,64.75,1.36,4.23,45.74,45.05,5.95,7.30,47.04,0.00,22.83,2.41,57.50,88.98,74.01,5.88,76.98,15.42,76.06,57.40,23.94,15.73,16.23,1.22,45.56,58.94,36.69,27.89,36.88,68.50,16.11,41.35,56.53,88.06,41.49,53.80,1.39,64.74,11.24,1.70,77.97,7.14,42.32,11.41,24.08,60.09,46.78,22.47,48.34,45.33,22.29,11.85,23.15,68.61,7.26,87.04,42.51,74.66,79.04,3.43,54.49
30.91,6.49,48.23,30.15,32.59,24.33,35.98,63.22,30.18,31.72,23.37,54.76,59.52,4.95,28.12,27.33,31.16,24.90,42.90,15.20,4.68,32.81,28.36,15.63,62.18,46.61,19.70,26.94,6.40,6.99,17.13,5.80,44.66,3.76,26.30,42.97,49.93,13.22,36.07,48.17,41.93,24.19,27.05,22.92,22.23,16.88,15.52,24.21,22.83,0.00,25.24,34.67,66.16,51.18,28.71,54.15,7.40,53.24,34.58,1.11,7.10,6.60,24.04,22.73,36.11,13.87,5.07,14.06,45.67,6.71,18.53,33.70,65.23,18.67,30.97,21.44,41.91,11.59,21.13,55.14,29.97,19.49,11.42,1.26,37.27,23.95,0.36,25.52,22.50,0.53,10.97,0.32,45.78,15.56,64.21,19.68,51.83,56.21,26.25,31.66
56.15,31.73,73.46,55.39,7.35,0.91,61.22,88.46,4.94,6.48,1.87,80.00,84.76,20.29,53.36,2.09,5.92,50.14,68.14,10.04,29.92,7.57,53.60,40.87,87.42,71.84,5.54,52.18,18.84,18.25,42.37,19.44,69.90,29.00,51.54,68.20,75.17,12.02,61.31,73.41,67.17,1.05,1.81,48.16,47.47,8.36,9.72,49.45,2.41,25.24,0.00,59.91,91.40,76.42,3.47,79.39,17.84,78.48,59.81,26.35,18.14,18.64,1.19,47.97,61.35,39.11,30.31,39.30,70.91,18.52,43.76,58.94,90.47,43.91,56.21,3.80,67.15,13.65,4.11,80.38,4.73,44.73,13.82,26.50,62.51,49.19,24.88,50.76,47.74,24.71,14.26,25.56,71.02,9.68,89.45,44.92,77.07,81.45,1.01,56.90
3.77,28.18,13.55,4.53,67.26,59.00,1.30,28.54,64.85,66.39,58.04,20.08,24.84,39.62,6.56,62.00,65.83,9.77,8.23,49.87,29.99,67.49,6.32,19.04,27.51,11.93,54.37,7.73,41.07,41.67,17.55,40.48,9.99,30.91,8.37,8.29,15.25,47.89,1.39,13.50,7.25,58.87,61.73,11.76,12.45,51.55,50.20,10.46,57.50,34.67,59.91,0.00,31.48,16.50,63.39,19.47,42.08,18.56,0.10,33.57,41.77,41.27,58.72,11.94,1.44,20.81,29.61,20.62,11.00,41.39,16.15,0.97,30.56,16.01,3.70,56.11,7.24,46.26,55.81,20.47,64.64,15.18,46.10,33.42,2.59,10.72,35.03,9.16,12.17,35.21,45.65,34.35,11.10,50.24,29.54,14.99,17.16,21.54,60.93,3.01
35.25,59.66,17.93,36.01,98.74,90.48,30.18,2.94,96.33,97.88,89.52,11.40,6.64,71.10,38.04,93.48,97.31,41.25,23.25,81.35,61.47,98.97,37.80,50.53,3.97,19.55,85.85,39.21,72.56,73.15,49.03,71.96,21.49,62.40,39.85,23.19,16.23,79.38,30.09,17.99,24.23,90.35,93.21,43.24,43.93,83.04,81.68,41.94,88.98,66.16,91.40,31.48,0.00,14.98,94.87,12.01,73.56,12.92,31.58,65.05,73.26,72.76,90.20,43.42,30.04,52.29,61.09,52.10,20.48,72.87,47.63,32.46,0.92,47.49,35.18,87.60,24.24,77.75,87.29,11.02,96.13,46.66,77.58,64.90,28.89,42.21,66.52,40.64,43.66,66.69,77.13,65.83,20.38,81.72,1.95,46.47,14.33,9.95,92.41,34.50
20.27,44.69,2.95,21.03,83.77,75.51,15.20,12.04,81.36,82.90,74.54,3.58,8.34,56.13,23.06,78.51,82.34,26.28,8.28,66.38,46.49,83.99,22.82,35.55,11.00,4.57,70.88,24.23,57.58,58.17,34.05,56.98,6.52,47.42,24.88,8.21,1.25,64.40,15.11,3.01,9.25,75.37,78.23,28.26,28.95,68.06,66.70,26.97,74.01,51.18,76.42,16.50,14.98,0.00,79.89,2.97,58.58,2.06,16.60,50.07,58.28,57.78,75.22,28.45,15.07,37.31,46.11,37.12,5.50,57.89,32.65,17.48,14.05,32.51,20.21,72.62,9.27,62.77,72.31,3.96,81.15,31.69,62.60,49.92,13.91,27.23,51.54,25.66,28.68,51.71,62.15,50.86,5.40,66.74,13.03,31.50,0.65,5.03,77.43,19.52
59.62,35.20,76.94,58.86,3.88,4.38,64.69,91.93,1.47,3.01,5.35,83.47,88.23,23.76,56.83,1.38,2.45,53.61,71.61,13.51,33.40,4.10,57.07,44.34,90.89,75.32,9.01,55.66,22.31,21.72,45.84,22.91,73.37,32.47,55.01,71.68,78.64,15.49,64.78,76.88,70.64,4.52,1.66,51.63,50.94,11.83,13.19,52.92,5.88,28.71,3.47,63.39,94.87,79.89,0.00,82.86,21.31,81.95,63.29,29.82,21.61,22.11,4.67,51.44,64.82,42.58,33.78,42.77,74.39,22.00,47.24,62.41,93.94,47.38,59.68,7.27,70.62,17.12,7.58,83.85,1.26,48.20,17.29,29.97,65.98,52.66,28.35,54.23,51.21,28.18,17.74,29.03,74.49,13.15,92.92,48.39,80.54,84.92,2.46,60.37
23.24,47.66,5.92,24.00,86.74,78.48,18.17,9.07,84.33,85.87,77.52,0.61,5.37,59.10,26.03,81.48,85.31,29.25,11.25,69.35,49.46,86.96,25.79,38.52,8.03,7.54,73.85,27.21,60.55,61.14,37.02,59.95,9.49,50.39,27.85,11.18,4.22,67.37,18.08,5.98,12.22,78.34,81.20,31.23,31.92,71.03,69.67,29.94,76.98,54.15,79.39,19.47,12.01,2.97,82.86,0.00,61.55,0.91,19.57,53.04,61.25,60.75,78.19,31.42,18.04,40.28,49.08,40.09,8.48,60.86,35.62,20.45,11.08,35.48,23.18,75.59,12.24,65.74,75.28,0.99,84.12,34.66,65.57,52.89,16.88,30.20,54.51,28.63,31.65,54.68,65.12,53.83,8.37,69.71,10.06,34.47,2.32,2.06,80.40,22.49
38.31,13.90,55.63,37.55,25.18,16.92,43.38,70.62,22.77,24.32,15.96,62.16,66.92,2.46,35.52,19.92,23.75,32.30,50.31,7.79,12.09,25.41,35.76,23.03,69.59,54.01,12.29,34.35,1.00,0.41,24.53,1.60,52.07,11.16,33.71,50.37,57.33,5.82,43.47,55.57,49.33,16.79,19.65,30.32,29.63,9.48,8.12,31.62,15.42,7.40,17.84,42.08,73.56,58.58,21.31,61.55,0.00,60.64,41.98,8.51,0.30,0.80,16.64,30.14,43.52,21.27,12.47,21.46,53.08,0.69,25.93,41.10,72.64,26.07,38.38,14.04,49.31,4.19,13.73,62.54,22.57,26.90,4.02,8.66,44.67,31.35,7.04,32.92,29.90,6.87,3.57,7.73,53.18,8.16,71.61,27.09,59.23,63.61,18.85,39.06
22.33,46.74,5.01,23.09,85.83,77.57,17.26,9.98,83.42,84.96,76.60,1.52,6.28,58.19,25.12,80.56,84.40,28.34,10.34,68.44,48.55,86.05,24.88,37.61,8.95,6.63,72.94,26.29,59.64,60.23,36.11,59.04,8.58,49.48,26.94,10.27,3.31,66.46,17.17,5.07,11.31,77.43,80.29,30.32,31.01,70.12,68.76,29.02,76.06,53.24,78.48,18.56,12.92,2.06,81.95,0.91,60.64,0.00,18.66,52.13,60.34,59.84,77.28,30.50,17.13,39.37,48.17,39.18,7.56,59.95,34.71,19.54,11.99,34.57,22.27,74.68,11.33,64.83,74.37,1.90,83.21,33.75,64.66,51.98,15.97,29.29,53.60,27.72,30.74,53.77,64.21,52.91,7.46,68.80,10.97,33.56,1.41,2.97,79.49,21.58
3.67,28.08,13.65,4.43,67.16,58.90,1.40,28.64,64.75,66.30,57.94,20.18,24.94,39.52,6.46,61.90,65.73,9.67,8.33,49.77,29.89,67.39,6.22,18.94,27.61,12.03,54.27,7.63,40.97,41.57,17.45,40.38,10.09,30.82,8.27,8.39,15.35,47.79,1.49,13.60,7.35,58.77,61.63,11.66,12.35,51.45,50.10,10.36,57.40,34.58,59.81,0.10,31.58,16.60,63.29,19.57,41.98,18.66,0.00,33.47,41.67,41.17,58.62,11.84,1.54,20.71,29.51,20.52,11.10,41.29,16.05,0.87,30.66,15.91,3.60,56.02,7.34,46.16,55.71,20.56,64.55,15.08,46.00,33.32,2.69,10.62,34.94,9.06,12.07,35.11,45.55,34.25,11.20,50.14,29.64,14.89,17.26,21.63,60.83,2.92
29.80,5.38,47.12,29.04,33.70,25.44,34.87,62.11,31.29,32.83,24.47,53.65,58.41,6.06,27.01,28.44,32.27,23.79,41.79,16.31,3.58,33.92,27.25,14.52,61.07,45.50,20.81,25.84,7.51,8.10,16.02,6.91,43.55,2.65,25.19,41.86,48.82,14.33,34.96,47.06,40.82,25.30,28.16,21.81,21.12,17.99,16.63,23.10,23.94,1.11,26.35,33.57,65.05,50.07,29.82,53.04,8.51,52.13,33.47,0.00,8.21,7.71,25.15,21.62,35.00,12.76,3.96,12.95,44.57,7.82,17.42,32.59,64.12,17.56,29.86,22.55,40.80,12.70,22.24,54.03,31.08,18.38,12.53,0.15,36.16,22.84,1.47,24.41,21.39,1.64,12.08,0.79,44.67,16.67,63.10,18.57,50.72,55.10,27.36,30.55
38.01,13.59,55.32,37.25,25.49,17.23,43.07,70.32,23.08,24.62,16.27,61.86,66.62,2.15,35.22,20.23,24.06,32.00,50.00,8.10,11.78,25.71,35.46,22.73,69.28,53.70,12.60,34.04,0.70,0.10,24.23,1.30,51.76,10.86,33.40,50.06,57.03,6.12,43.17,55.27,49.03,17.09,19.95,30.01,29.33,9.78,8.42,31.31,15.73,7.10,18.14,41.77,73.26,58.28,21.61,61.25,0.30,60.34,41.67,8.21,0.00,0.50,16.95,29.83,43.21,20.96,12.16,21.15,52.77,0.38,25.62,40.80,72.33,25.77,38.07,14.34,49.01,4.49,14.03,62.24,22.87,26.59,4.32,8.35,44.36,31.05,6.74,32.62,29.60,6.56,3.88,7.42,52.88,8.47,71.31,26.78,58.93,63.31,19.15,38.76
37.51,13.09,54.82,36.75,25.99,17.73,42.58,69.82,23.58,25.12,16.77,61.36,66.12,1.65,34.72,20.73,24.56,31.50,49.50,8.60,11.28,26.21,34.96,22.23,68.78,53.20,13.10,33.54,0.20,0.40,23.73,0.80,51.26,10.36,32.90,49.56,56.53,6.62,42.67,54.77,48.53,17.59,20.45,29.52,28.83,10.28,8.92,30.81,16.23,6.60,18.64,41.27,72.76,57.78,22.11,60.75,0.80,59.84,41.17,7.71,0.50,0.00,17.45,29.33,42.71,20.47,11.67,20.66,52.27,0.12,25.12,40.30,71.83,25.27,37.57,14.84,48.51,4.99,14.53,61.74,23.37,26.09,4.82,7.85,43.87,30.55,6.24,32.12,29.10,6.07,4.38,6.92,52.38,8.97,70.81,26.28,58.43,62.81,19.65,38.26
54.95,30.54,72.27,54.19,8.54,0.28,60.02,87.26,6.13,7.68,0.68,78.80,83.56,19.10,52.16,3.28,7.11,48.95,66.95,8.85,28.73,8.77,52.40,39.68,86.23,70.65,4.35,50.99,17.65,17.05,41.17,18.24,68.71,27.80,50.35,67.01,73.97,10.83,60.11,72.22,65.97,0.15,3.01,46.96,46.27,7.17,8.52,48.26,1.22,24.04,1.19,58.72,90.20,75.22,4.67,78.19,16.64,77.28,58.62,25.15,16.95,17.45,0.00,46.78,60.16,37.91,29.11,38.10,69.72,17.33,42.57,57.75,89.28,42.71,55.02,2.60,65.96,12.46,2.91,79.18,5.93,43.54,12.62,25.30,61.31,47.99,23.68,49.56,46.55,23.51,13.07,24.37,69.82,8.48,88.26,43.73,75.88,80.25,2.21,55.70
8.17,16.24,25.49,7.41,55.32,47.06,13.24,40.48,52.91,54.45,46.10,32.02,36.78,27.68,5.38,50.06,53.89,2.17,20.17,37.93,18.05,55.55,5.62,7.10,39.45,23.87,42.43,4.21,29.13,29.73,5.60,28.54,21.93,18.97,3.57,20.23,27.19,35.95,13.34,25.44,19.19,46.92,49.79,0.18,0.51,39.61,38.26,1.48,45.56,22.73,47.97,11.94,43.42,28.45,51.44,31.42,30.14,30.50,11.84,21.62,29.83,29.33,46.78,0.00,13.38,8.87,17.67,8.68,22.94,29.45,4.21,10.97,42.50,4.07,8.24,44.17,19.18,34.32,43.86,32.41,52.70,3.24,34.15,21.48,14.53,1.22,23.09,2.78,0.23,23.27,33.71,22.41,23.04,38.30,41.48,3.05,29.10,33.48,48.99,8.93
5.21,29.62,12.11,5.97,68.70,60.44,0.14,27.10,66.29,67.83,59.48,18.65,23.40,41.06,8.00,63.44,67.27,11.21,6.79,51.31,31.43,68.92,7.76,20.48,26.07,10.49,55.81,9.17,42.51,43.11,18.98,41.92,8.55,32.35,9.81,6.85,13.82,49.33,0.04,12.06,5.82,60.30,63.16,13.20,13.89,52.99,51.63,11.90,58.94,36.11,61.35,1.44,30.04,15.07,64.82,18.04,43.52,17.13,1.54,35.00,43.21,42.71,60.16,13.38,0.00,22.25,31.05,22.06,9.56,42.83,17.59,2.41,29.12,17.45,5.14,57.55,5.80,47.70,57.24,19.03,66.08,16.62,47.53,34.86,1.15,12.16,36.47,10.60,13.61,36.65,47.09,35.79,9.67,51.68,28.10,16.43,15.72,20.10,62.37,4.45
17.04,7.37,34.36,16.28,46.45,38.19,22.11,49.35,44.04,45.59,37.23,40.89,45.65,18.81,14.25,41.19,45.02,11.04,29.04,29.06,9.18,46.68,14.49,1.76,48.32,32.74,33.56,13.08,20.26,20.86,3.26,19.67,30.80,10.11,12.44,29.10,36.06,27.09,22.20,34.30,28.06,38.06,40.92,9.05,8.36,30.74,29.39,10.35,36.69,13.87,39.11,20.81,52.29,37.31,42.58,40.28,21.27,39.37,20.71,12.76,20.96,20.47,37.91,8.87,22.25,0.00,8.80,0.19,31.81,20.58,4.66,19.83,51.37,4.80,17.11,35.31,28.05,25.45,35.00,41.27,43.84,5.63,25.29,12.61,23.40,10.08,14.23,11.65,8.64,14.40,24.84,13.54,31.91,29.43,50.34,5.82,37.96,42.34,40.12,17.79
25.84,1.43,43.16,25.08,37.65,29.39,30.91,58.15,35.24,36.79,28.43,49.69,54.45,10.01,23.05,32.39,36.22,19.84,37.84,20.26,0.38,37.88,23.29,10.56,57.12,41.54,24.76,21.88,11.47,12.06,12.06,10.87,39.60,1.31,21.24,37.90,44.86,18.29,31.00,43.10,36.86,29.26,32.12,17.85,17.16,21.95,20.59,19.15,27.89,5.07,30.31,29.61,61.09,46.11,33.78,49.08,12.47,48.17,29.51,3.96,12.16,11.67,29.11,17.67,31.05,8.80,0.00,8.99,40.61,11.78,13.46,28.63,60.17,13.60,25.91,26.51,36.85,16.66,26.20,50.07,35.04,14.43,16.49,3.81,32.20,18.88,5.43,20.45,17.44,5.60,16.04,4.74,40.71,20.63,59.14,14.62,46.76,51.14,31.32,26.59
16.85,7.56,34.17,16.09,46.64,38.38,21.92,49.16,44.23,45.78,37.42,40.70,45.46,19.00,14.06,41.38,45.21,10.85,28.85,29.25,9.37,46.87,14.30,1.57,48.13,32.55,33.75,12.89,20.45,21.05,3.07,19.86,30.61,10.30,12.25,28.91,35.87,27.28,22.01,34.11,27.87,38.25,41.11,8.86,8.17,30.93,29.58,10.16,36.88,14.06,39.30,20.62,52.10,37.12,42.77,40.09,21.46,39.18,20.52,12.95,21.15,20.66,38.10,8.68,22.06,0.19,8.99,0.00,31.62,20.77,4.47,19.64,51.18,4.61,16.92,35.50,27.86,25.64,35.19,41.08,44.03,5.44,25.48,12.80,23.21,9.89,14.42,11.46,8.45,14.59,25.03,13.73,31.72,29.62,50.15,5.63,37.77,42.15,40.31,17.60
