0.00,41.69,34.88,62.00,29.34,75.76,13.09,48.61,34.01,33.58,66.05,47.89,31.15,53.86,82.96,32.63,78.51,21.39,78.73,30.73,32.86,34.46,50.14,71.50,70.94,47.64,14.60,16.60,57.01,49.60,32.69,64.82,49.56,63.27,38.00,23.94,43.94,40.25,99.75,23.22,72.81,85.55,42.73,51.75,47.71,26.89,90.99,35.66,36.66,82.69,45.68,5.53,13.16,69.80,58.13,92.98,45.07,66.82,58.09,86.22,39.00,40.22,37.22,49.34,25.83,80.35,59.16,72.30,49.22,21.80,18.26,80.11,50.30,72.78,32.38,72.51,74.90,14.58,62.48,90.27,27.40,68.02,40.30,72.55,21.13,28.84,54.06,58.56,22.23,48.23,77.46,37.93,62.09,83.60,56.37,51.93,22.31,46.46,35.72,50.68
41.69,0.00,75.47,74.56,51.74,34.99,29.54,26.80,38.36,15.75,55.07,16.27,18.92,12.98,82.68,28.50,64.88,23.57,43.38,13.04,74.28,69.52,10.45,77.16,76.62,26.62,52.51,47.59,27.25,42.62,67.51,47.02,21.05,41.55,49.17,65.20,58.83,34.57,61.18,50.30,31.83,45.97,22.18,44.39,18.83,62.25,53.04,31.76,44.85,48.06,39.67,47.18,45.30,55.14,46.93,56.12,40.24,25.34,16.86,48.23,3.83,2.40,4.55,12.42,64.28,67.48,42.12,78.70,35.51,20.07,54.23,75.05,68.87,35.66,10.12,38.28,62.10,40.08,21.21,51.06,30.71,40.22,17.78,49.38,57.33,54.23,23.47,52.19,23.89,47.78,65.11,33.17,62.78,81.59,46.45,21.58,38.57,52.30,36.19,70.52
34.88,75.47,0.00,60.24,36.47,107.86,47.97,82.90,52.98,64.26,81.95,82.78,61.07,88.10,87.35,57.71,93.67,56.25,107.13,63.25,6.11,17.26,82.69,73.37,72.93,73.93,32.42,30.21,84.93,80.65,17.87,85.21,78.38,86.16,48.99,11.34,47.81,72.54,129.38,31.90,105.18,116.39,77.27,82.58,77.08,18.36,120.43,68.43,51.00,110.38,77.08,29.50,31.20,87.26,89.34,121.59,63.86,99.85,92.22,115.89,73.19,73.70,70.92,84.06,12.72,94.67,91.83,73.32,71.49,55.45,22.67,88.81,46.94,102.58,66.80,100.73,90.14,45.04,96.61,120.69,52.09,93.35,75.10,94.67,20.23,33.01,88.88,73.39,52.83,62.73,91.93,60.19,70.70,89.26,87.39,80.97,52.75,57.04,67.25,45.72
62.00,74.56,60.24,0.00,32.70,90.60,67.19,97.49,36.65,58.96,37.21,89.90,56.17,85.73,27.84,46.23,44.09,73.02,78.92,63.42,65.16,42.99,74.12,13.62,13.28,52.92,73.62,45.80,62.33,106.38,42.63,46.93,60.80,52.25,26.65,61.06,18.27,96.26,100.41,39.13,89.49,93.16,91.29,108.59,61.46,44.60,92.36,91.50,30.38,79.73,102.40,61.56,48.99,43.09,113.85,91.08,35.74,88.09,88.12,89.25,75.29,72.17,71.48,86.96,51.07,43.71,112.00,13.22,43.91,63.80,48.22,32.35,13.43,79.21,72.84,73.69,41.58,76.09,91.39,95.38,45.64,61.83,86.94,56.30,47.47,33.84,97.43,31.15,55.73,28.21,41.80,41.49,19.79,30.32,112.53,62.76,82.88,22.33,93.50,14.53
29.34,51.74,36.47,32.70,0.00,78.16,35.99,69.79,18.00,36.72,45.56,64.59,33.26,64.52,55.51,25.80,57.48,42.99,73.56,38.83,39.38,22.22,55.43,42.98,42.44,40.60,41.21,13.17,51.98,75.85,20.51,48.93,46.71,50.46,12.61,32.53,14.94,65.84,96.22,6.65,76.02,84.75,63.45,78.07,46.07,18.12,87.32,61.03,14.66,76.25,71.83,28.98,16.29,50.79,83.85,87.80,27.79,72.17,67.95,83.09,51.07,49.44,47.64,63.29,24.16,58.66,83.12,43.59,36.14,35.56,17.20,54.63,21.19,70.35,46.62,67.25,53.91,43.61,72.00,88.47,21.52,58.40,59.60,58.59,17.76,3.61,71.96,37.03,28.54,26.28,55.86,25.85,36.08,56.69,82.33,49.28,50.73,21.11,62.40,21.89
75.76,34.99,107.86,90.60,78.16,0.00,64.29,50.92,60.86,43.61,58.34,39.97,46.87,26.62,87.69,52.39,62.19,58.54,19.82,45.10,107.49,99.01,25.62,87.85,87.43,38.78,87.38,78.20,28.31,69.18,97.04,47.16,31.64,40.48,70.82,98.38,79.70,64.26,27.63,78.99,3.32,12.15,50.04,70.24,32.10,92.50,21.16,63.07,66.48,23.78,67.59,81.10,76.71,54.81,69.80,25.56,55.75,10.62,23.02,17.13,38.48,35.93,39.07,34.25,95.81,64.79,62.56,89.64,46.87,54.00,85.52,77.62,89.72,13.41,45.10,20.48,61.11,75.05,20.38,17.34,57.23,32.04,47.43,42.09,88.39,81.40,41.79,60.68,55.06,62.71,63.60,53.18,73.19,85.38,70.27,29.17,73.01,69.69,67.67,91.81
13.09,29.54,47.97,67.19,35.99,64.29,0.00,36.15,33.82,24.81,63.77,34.81,23.42,41.20,84.71,28.70,75.91,8.43,69.37,20.39,45.85,46.24,38.79,74.79,74.22,40.91,23.14,25.59,48.63,39.88,44.35,60.36,40.97,57.55,41.09,37.00,48.97,29.91,89.40,31.20,61.22,74.69,30.07,42.09,38.84,38.56,80.84,25.11,38.42,73.63,35.86,18.55,22.21,66.55,47.98,83.26,43.17,54.88,45.47,76.02,26.51,28.37,25.25,36.34,38.46,78.05,47.90,75.85,44.87,11.05,29.77,80.27,57.02,62.73,19.77,63.39,72.43,12.92,49.84,79.60,25.01,60.71,27.35,66.80,32.88,36.69,41.07,57.32,15.82,48.16,75.23,34.98,63.36,84.82,46.41,43.05,16.71,48.43,26.46,57.86
48.61,26.80,82.90,97.49,69.79,50.92,36.15,0.00,60.91,39.77,81.72,11.83,41.91,25.29,108.64,51.78,91.68,27.83,65.57,34.44,79.82,82.38,34.74,101.92,101.37,53.33,52.67,61.29,53.44,18.27,80.48,73.82,47.78,68.24,70.98,71.60,80.25,15.16,78.49,66.19,47.68,63.07,6.35,19.43,45.60,74.70,71.85,16.57,67.12,70.38,16.90,53.63,58.07,81.94,20.44,75.89,65.44,40.47,28.09,67.42,24.21,28.64,27.78,17.91,74.41,94.28,15.37,103.34,61.88,34.33,65.92,101.48,89.62,57.21,24.76,61.71,88.89,38.62,30.62,68.25,51.87,66.06,10.56,75.75,69.03,71.29,9.85,78.29,42.04,72.61,91.90,57.56,88.10,107.76,20.30,48.06,32.23,75.93,20.28,90.89
34.01,38.36,52.98,36.65,18.00,60.86,33.82,60.91,0.00,22.62,32.19,53.32,19.62,50.29,50.92,9.89,44.66,37.91,55.56,26.78,54.88,40.10,39.72,41.75,41.18,22.68,48.41,23.97,34.06,70.91,38.31,32.73,29.23,33.18,10.87,46.80,20.52,60.84,78.22,21.10,58.92,66.91,54.76,73.08,28.89,35.08,69.32,56.22,6.49,58.29,67.01,36.51,24.89,36.39,77.94,69.81,11.53,55.70,53.19,65.11,38.78,35.96,35.00,50.68,40.27,46.41,75.61,43.00,18.52,27.89,31.05,46.67,30.67,52.46,36.21,49.25,41.03,45.29,56.91,70.53,9.36,40.62,50.35,41.83,32.92,21.54,60.85,24.55,19.77,14.48,43.52,7.88,29.56,51.00,76.75,31.73,50.50,15.23,58.81,32.45
33.58,15.75,64.26,58.96,36.72,43.61,24.81,39.77,22.62,0.00,43.28,31.03,3.48,28.00,68.97,12.77,54.46,23.45,45.18,6.01,64.09,56.01,19.00,62.29,61.74,16.75,46.99,34.69,23.86,52.54,54.01,37.46,16.24,33.60,33.43,55.01,43.08,43.03,66.27,36.18,40.99,52.44,34.00,54.58,14.22,49.18,57.45,38.99,29.11,49.24,48.96,38.54,33.10,44.70,58.46,59.40,25.67,36.15,31.26,52.71,16.37,13.35,12.55,28.07,52.22,56.88,54.98,63.76,23.16,13.92,41.94,62.28,53.15,39.25,15.41,39.01,51.27,37.60,35.28,56.99,15.28,35.95,29.38,42.66,44.84,39.49,38.53,38.84,11.65,32.90,54.23,17.91,48.34,68.23,57.58,18.46,39.35,36.82,42.64,54.82
66.05,55.07,81.95,37.21,45.56,58.34,63.77,81.72,32.19,43.28,0.00,71.23,42.48,62.29,29.62,35.08,12.47,65.53,43.35,49.27,84.91,66.38,49.80,30.47,30.15,28.45,80.55,55.40,32.44,95.76,65.02,11.21,35.03,17.87,32.97,77.63,36.02,86.31,63.75,51.00,58.10,58.29,76.49,97.77,36.84,63.60,56.11,82.23,31.54,43.39,92.22,68.70,56.82,6.02,101.31,54.36,21.01,58.88,63.15,53.53,57.52,53.10,54.06,66.41,69.71,14.34,97.09,32.29,20.12,55.04,61.81,20.41,42.78,45.51,58.51,39.04,8.84,76.20,65.19,59.73,39.19,26.76,71.87,19.32,63.03,48.95,78.06,8.56,48.06,19.32,11.48,28.82,17.45,27.70,100.57,35.76,80.26,25.19,85.72,45.04
47.89,16.27,82.78,89.90,64.59,39.97,34.81,11.83,53.32,31.03,71.23,0.00,33.74,13.68,98.94,43.68,80.72,26.59,53.83,26.59,80.49,79.79,23.07,93.17,92.62,42.80,55.06,57.97,41.93,29.74,77.82,62.81,36.68,57.01,63.89,71.76,73.43,24.33,67.60,61.96,36.68,52.08,10.13,31.09,34.61,72.20,60.62,23.63,59.74,58.64,27.75,53.32,55.09,71.05,32.21,64.51,56.30,29.38,16.95,56.08,14.67,18.44,18.49,6.10,72.96,83.36,26.49,94.67,51.77,29.45,63.61,91.29,83.23,45.49,17.96,49.89,78.06,41.09,20.16,57.30,44.84,54.39,8.72,64.23,66.77,66.58,7.53,68.45,36.06,63.75,81.06,48.90,78.92,97.86,32.13,36.73,36.50,67.84,28.14,84.70
31.15,18.92,61.07,56.17,33.26,46.87,23.42,41.91,19.62,3.48,42.48,33.74,0.00,31.38,67.24,9.96,54.03,23.27,47.63,7.47,61.04,52.57,22.46,60.02,59.46,17.49,44.92,31.35,25.89,53.81,50.58,37.51,18.42,34.21,30.33,52.00,39.96,44.08,69.04,32.71,44.31,55.44,35.96,55.90,16.63,45.78,60.18,39.85,26.08,51.54,50.12,35.93,29.87,44.36,60.08,61.96,23.83,39.58,34.70,55.48,19.16,16.54,15.38,31.12,48.94,56.36,56.97,61.44,22.56,13.06,38.65,60.96,49.97,42.02,17.21,41.37,50.73,36.34,38.74,59.91,11.87,37.43,31.40,43.43,41.53,36.02,41.26,37.46,8.93,30.76,53.65,15.70,46.35,66.66,59.10,20.81,38.78,34.19,43.25,51.59
53.86,12.98,88.10,85.73,64.52,26.62,41.20,25.29,50.29,28.00,62.29,13.68,31.38,0.00,91.16,40.42,70.57,34.11,40.30,26.00,86.67,82.50,12.50,87.08,86.57,34.64,63.55,60.55,30.89,43.39,80.49,52.79,27.31,46.49,61.16,77.63,70.80,37.74,54.17,63.26,23.30,38.62,23.55,44.69,25.73,75.21,47.00,36.45,56.75,45.11,41.42,59.39,58.22,61.21,45.33,50.84,50.46,16.01,4.30,42.43,14.92,15.15,17.44,7.70,77.12,73.26,38.92,88.71,44.17,32.67,67.13,82.67,80.96,31.93,21.49,36.69,68.24,50.27,8.64,43.85,43.25,42.47,20.82,52.77,70.24,67.10,17.62,60.88,36.87,58.14,71.19,44.30,72.35,89.70,45.44,26.58,47.20,63.41,41.05,82.70
82.96,82.68,87.35,27.84,55.51,87.69,84.71,108.64,50.92,68.97,29.62,98.94,67.24,91.16,0.00,57.97,27.54,88.57,71.39,74.63,91.91,70.11,78.67,14.23,14.59,56.61,96.24,68.33,61.99,120.92,69.51,40.60,63.88,47.38,44.97,86.85,40.91,111.02,89.59,62.14,87.60,86.53,102.96,123.04,65.44,70.61,82.96,106.55,46.60,70.49,117.14,83.86,70.96,32.94,127.32,80.35,43.41,88.50,92.34,81.13,84.61,80.51,80.92,94.60,77.20,25.62,123.92,14.78,47.26,78.24,72.52,10.69,40.55,74.60,84.32,67.85,27.29,95.71,94.60,87.27,60.05,55.73,98.34,46.56,72.46,57.76,106.09,30.50,70.32,36.91,25.48,51.66,21.36,3.44,126.34,64.91,101.34,36.60,109.45,42.06
32.63,28.50,57.71,46.23,25.80,52.39,28.70,51.78,9.89,12.77,35.08,43.68,9.96,40.42,57.97,0.00,47.22,30.93,49.42,17.37,58.66,46.88,30.10,50.19,49.63,16.27,47.18,27.53,27.25,62.96,44.96,32.31,21.17,30.70,20.76,49.96,30.41,53.05,71.78,26.92,50.22,59.44,45.76,65.10,20.33,40.86,62.83,48.61,16.38,52.71,59.17,36.41,27.16,37.95,69.57,63.88,14.85,46.50,43.38,58.37,29.06,26.10,25.25,40.84,45.09,49.35,66.74,51.58,16.66,20.44,35.06,52.33,40.55,45.24,27.03,43.03,43.73,41.25,47.17,63.43,5.72,36.29,41.25,39.96,37.53,29.01,51.20,28.97,13.00,21.15,46.53,6.45,36.83,57.60,68.51,23.77,45.19,24.22,51.65,42.29
78.51,64.88,93.67,44.09,57.48,62.19,75.91,91.68,44.66,54.46,12.47,80.72,54.03,70.57,27.54,47.22,0.00,77.25,44.57,60.47,96.86,77.68,58.34,34.02,33.90,38.58,93.01,67.74,39.74,106.54,76.43,17.91,44.04,24.10,44.88,89.79,46.74,97.34,62.05,63.14,62.60,59.67,86.79,108.49,46.13,75.38,55.56,93.43,43.79,43.25,103.14,81.16,69.23,9.81,111.66,52.83,33.44,64.71,70.82,53.97,67.67,63.10,64.42,75.51,81.62,2.70,106.99,35.68,31.47,66.84,74.01,16.85,52.13,48.81,69.37,41.81,3.64,88.45,72.27,60.04,51.54,30.37,82.21,20.11,75.11,60.78,87.17,20.58,60.13,31.49,2.33,41.08,25.18,24.57,111.04,44.19,92.28,36.63,97.09,54.31
21.39,23.57,56.25,73.02,42.99,58.54,8.43,27.83,37.91,23.45,65.53,26.59,23.27,34.11,88.57,30.93,77.25,0.00,65.65,17.83,53.91,54.57,33.61,79.59,79.02,40.21,29.44,33.55,46.21,33.36,52.66,60.73,38.64,57.06,46.48,45.18,55.02,23.23,84.58,38.76,55.35,69.50,21.69,35.57,36.35,46.89,76.27,18.49,43.28,70.13,29.38,26.76,30.28,67.61,41.00,79.06,45.78,48.66,38.41,71.44,20.08,22.92,19.80,28.60,46.89,79.55,40.19,80.78,45.79,10.51,38.12,83.26,63.65,58.46,13.45,59.98,73.91,16.51,42.71,74.55,28.60,58.90,18.94,66.09,41.25,44.08,32.68,59.88,18.25,51.67,76.81,37.37,67.25,88.38,39.58,40.37,16.10,53.04,20.91,64.66
78.73,43.38,107.13,78.92,73.56,19.82,69.37,65.57,55.56,45.18,43.35,53.83,47.63,40.30,71.39,49.42,44.57,65.65,0.00,48.98,107.89,95.60,32.97,73.80,73.46,33.28,92.09,76.93,22.22,83.53,93.76,32.40,29.26,26.68,63.78,99.02,71.39,76.97,22.69,76.02,21.59,15.15,63.17,84.91,31.02,90.08,13.89,74.76,59.90,4.81,81.28,83.56,76.31,38.70,85.59,14.47,47.29,26.96,38.06,10.33,47.21,43.23,46.17,47.72,94.51,47.01,78.92,75.61,38.09,58.34,84.47,60.90,80.72,8.39,52.76,6.39,44.15,81.62,37.07,16.48,55.04,17.09,59.60,24.83,86.95,77.09,57.56,47.81,56.56,52.84,46.29,47.75,59.96,68.74,85.73,26.82,81.46,60.32,79.30,82.95
30.73,13.04,63.25,63.42,38.83,45.10,20.39,34.44,26.78,6.01,49.27,26.59,7.47,26.00,74.63,17.37,60.47,17.83,48.98,0.00,62.51,56.56,19.56,67.49,66.93,22.57,43.27,34.70,28.57,46.62,54.55,43.41,20.94,39.37,37.29,53.39,46.85,37.05,69.25,37.26,42.23,54.84,28.48,48.68,18.70,49.37,60.60,32.99,33.17,53.26,43.00,36.01,32.59,50.70,52.70,62.91,31.23,36.61,29.76,55.79,12.33,10.88,8.81,24.54,51.70,62.88,49.50,68.90,29.16,9.37,41.54,68.14,56.70,42.43,9.74,43.02,57.28,32.82,34.03,59.62,18.28,41.12,23.93,48.32,44.59,41.23,34.13,44.67,10.89,38.22,60.24,23.17,53.80,73.98,51.77,22.84,33.89,41.57,36.64,58.22
32.86,74.28,6.11,65.16,39.38,107.49,45.85,79.82,54.88,64.09,84.91,80.49,61.04,86.67,91.91,58.66,96.86,53.91,107.89,62.51,0.00,22.29,82.07,78.08,77.62,74.93,28.11,31.26,85.67,76.46,22.54,87.47,78.84,87.97,51.99,9.12,51.77,68.74,129.88,34.11,104.70,116.49,74.40,78.33,77.39,21.69,120.96,64.82,53.57,111.33,73.00,27.34,31.58,90.03,85.12,122.35,66.08,99.09,90.86,116.34,71.76,72.65,69.76,82.18,15.26,98.00,87.99,78.12,73.24,54.22,23.87,92.87,51.77,102.93,65.21,101.50,93.29,41.44,95.25,120.93,52.96,94.74,72.53,96.70,22.04,36.11,86.28,76.41,52.48,65.60,95.22,61.72,74.55,93.70,83.14,81.40,48.87,60.35,63.32,50.70
34.46,69.52,17.26,42.99,22.22,99.01,46.24,82.38,40.10,56.01,66.38,79.79,52.57,82.50,70.11,46.88,77.68,54.57,95.60,56.56,22.29,0.00,75.01,56.11,55.67,62.44,39.03,22.00,73.78,83.94,2.01,70.83,68.04,72.64,33.90,20.11,31.16,74.70,118.22,20.02,96.64,106.30,76.25,86.05,67.14,7.68,109.29,70.12,36.72,98.39,80.06,30.50,24.71,71.95,92.52,109.90,49.92,92.15,86.32,104.97,67.99,67.43,65.07,79.82,10.55,78.50,93.59,56.06,58.36,50.57,16.47,71.87,29.68,92.03,62.35,89.26,74.23,48.07,90.58,110.21,41.78,80.62,73.21,80.61,13.39,18.62,86.66,57.83,45.67,47.55,75.83,47.85,54.00,72.08,90.72,70.64,56.11,41.20,70.06,28.48
50.14,10.45,82.69,74.12,55.43,25.62,38.79,34.74,39.72,19.00,49.80,23.07,22.46,12.50,78.67,30.10,58.34,33.61,32.97,19.56,82.07,75.01,0.00,74.86,74.35,22.23,61.92,53.55,18.94,51.79,73.01,40.48,14.81,34.34,50.50,72.95,60.04,44.39,50.97,55.17,22.69,35.97,31.15,53.40,13.29,68.12,42.70,41.90,46.03,37.68,49.14,55.49,51.76,48.87,55.18,45.69,38.53,17.21,14.06,37.88,14.28,10.69,13.81,17.38,70.92,61.01,49.54,76.51,31.80,28.38,60.67,70.18,70.26,25.21,20.25,28.04,55.91,50.04,17.32,40.97,33.92,31.33,27.15,41.20,63.65,58.34,28.95,48.45,29.91,46.20,58.88,33.05,60.06,77.20,54.96,14.18,48.94,51.88,46.41,72.12
71.50,77.16,73.37,13.62,42.98,87.85,74.79,101.92,41.75,62.29,30.47,93.17,60.02,87.08,14.23,50.19,34.02,79.59,73.80,67.49,78.08,56.11,74.86,0.00,0.57,52.71,84.15,56.08,60.34,112.66,55.59,41.45,60.51,47.70,33.85,73.39,28.07,102.59,94.03,49.63,87.22,88.66,95.94,114.83,61.65,57.02,86.55,97.96,36.41,73.83,108.76,71.84,58.96,35.63,119.60,84.64,36.91,86.94,88.88,84.00,78.53,74.85,74.73,89.47,63.58,33.04,116.93,1.82,43.16,69.64,59.60,19.80,26.46,75.48,77.20,69.27,32.26,84.93,91.68,90.20,51.11,57.02,91.41,49.63,59.27,44.85,100.56,27.27,61.52,29.42,31.69,44.39,14.90,16.76,118.45,62.04,91.13,26.55,100.45,27.88
70.94,76.62,72.93,13.28,42.44,87.43,74.22,101.37,41.18,61.74,30.15,92.62,59.46,86.57,14.59,49.63,33.90,79.02,73.46,66.93,77.62,55.67,74.35,0.57,0.00,52.22,83.60,55.54,59.89,112.09,55.14,41.10,60.02,47.33,33.28,72.90,27.53,102.02,93.75,49.09,86.80,88.30,95.38,114.26,61.15,56.53,86.25,97.39,35.83,73.52,108.19,71.29,58.41,35.35,119.04,84.36,36.38,86.48,88.38,83.67,77.99,74.31,74.18,88.94,63.10,32.96,116.37,2.21,42.67,69.07,59.08,19.88,26.03,75.09,76.64,68.91,32.08,84.37,91.19,89.87,50.54,56.66,90.85,49.34,58.75,44.33,100.02,26.83,60.95,28.87,31.56,43.84,14.43,17.05,117.89,61.56,90.56,25.98,99.88,27.48
47.64,26.62,73.93,52.92,40.60,38.78,40.91,53.33,22.68,16.75,28.45,42.80,17.49,34.64,56.61,16.27,38.58,40.21,33.28,22.57,74.93,62.44,22.23,52.71,52.22,0.00,61.87,43.79,11.38,67.98,60.58,21.02,7.90,16.85,32.12,66.20,40.92,58.91,55.80,42.75,37.19,44.23,48.26,69.92,8.95,56.81,46.86,55.15,27.84,36.45,64.62,51.93,43.40,28.77,73.12,47.70,17.28,35.19,36.19,42.53,29.17,24.69,25.85,38.10,61.28,41.12,68.69,54.39,9.57,30.41,51.31,48.54,50.97,29.78,30.91,26.90,35.64,53.83,38.99,47.87,21.97,20.39,43.66,25.97,53.73,44.06,49.70,26.25,25.77,24.71,38.64,14.81,37.87,55.29,72.48,9.89,56.05,31.21,59.02,53.04
14.60,52.51,32.42,73.62,41.21,87.38,23.14,52.67,48.41,46.99,80.55,55.06,44.92,63.55,96.24,47.18,93.01,29.44,92.09,43.27,28.11,39.03,61.92,84.15,83.60,61.87,0.00,28.07,70.77,48.35,37.75,79.41,63.20,77.74,51.39,21.47,56.15,40.75,112.47,34.60,84.29,97.82,47.72,50.24,61.21,32.64,103.85,37.03,50.57,96.22,44.89,12.38,25.29,84.38,57.02,106.15,59.60,77.83,67.85,99.04,49.28,51.45,48.32,57.85,28.61,94.81,59.95,84.79,63.80,33.91,25.94,94.02,61.05,85.69,42.51,85.98,89.39,14.13,72.15,102.72,41.99,82.19,46.59,87.04,27.67,39.78,60.02,72.93,36.17,62.44,91.92,52.52,75.76,97.10,55.05,65.45,20.90,60.09,35.25,61.02
16.60,47.59,30.21,45.80,13.17,78.20,25.59,61.29,23.97,34.69,55.40,57.97,31.35,60.55,68.33,27.53,67.74,33.55,76.93,34.70,31.26,22.00,53.55,56.08,55.54,43.79,28.07,0.00,54.72,65.05,20.00,56.70,48.21,56.81,23.89,22.88,28.09,55.28,99.18,6.69,75.65,86.33,55.04,67.24,46.96,14.67,90.23,50.52,24.00,80.23,61.06,15.81,3.52,60.05,73.36,91.39,35.43,70.76,64.42,85.70,46.00,45.54,43.11,57.84,17.72,69.22,73.49,56.73,42.08,28.62,7.54,66.74,33.76,72.41,40.39,70.53,64.10,31.14,68.72,90.56,21.89,63.48,51.72,65.67,10.21,12.26,64.96,47.18,23.84,36.31,66.35,30.49,48.26,69.33,71.71,50.80,38.65,32.72,51.29,34.09
57.01,27.25,84.93,62.33,51.98,28.31,48.63,53.44,34.06,23.86,32.44,41.93,25.89,30.89,61.99,27.25,39.74,46.21,22.22,28.57,85.67,73.78,18.94,60.34,59.89,11.38,70.77,54.72,0.00,69.87,71.91,22.15,7.66,15.65,43.24,76.82,51.73,61.70,44.54,54.02,27.18,32.89,49.34,71.61,9.88,68.04,35.59,58.57,39.06,25.80,66.92,61.67,54.09,30.57,73.83,36.69,27.56,26.69,31.11,31.19,30.72,26.10,28.38,36.32,72.34,42.44,68.41,62.10,18.56,37.62,62.26,52.75,61.62,18.42,34.62,15.83,37.56,61.31,32.84,36.49,32.84,13.05,45.02,22.32,64.78,55.44,47.88,33.08,34.78,34.40,40.46,26.18,45.49,60.14,73.49,5.91,62.30,41.44,62.83,63.75
49.60,42.62,80.65,106.38,75.85,69.18,39.88,18.27,70.91,52.54,95.76,29.74,53.81,43.39,120.92,62.96,106.54,33.36,83.53,46.62,76.46,83.94,51.79,112.66,112.09,67.98,48.35,65.05,69.87,0.00,82.23,88.95,63.50,83.91,79.83,69.44,88.35,10.13,96.74,70.99,65.95,81.33,20.64,2.21,61.20,76.46,90.12,14.90,76.53,88.34,4.02,53.50,61.56,96.73,8.70,94.13,77.57,58.73,46.34,85.67,39.31,43.97,42.24,35.83,74.59,109.05,13.07,113.91,75.63,43.01,67.86,114.74,96.80,75.21,37.25,79.40,103.51,36.09,48.86,86.50,61.55,82.78,24.85,91.98,70.71,76.53,27.68,91.25,51.14,84.10,106.50,69.25,99.78,120.44,6.80,64.20,28.09,86.13,13.88,97.70
32.69,67.51,17.87,42.63,20.51,97.04,44.35,80.48,38.31,54.01,65.02,77.82,50.58,80.49,69.51,44.96,76.43,52.66,93.76,54.55,22.54,2.01,73.01,55.59,55.14,60.58,37.75,20.00,71.91,82.23,0.00,69.26,66.12,70.96,32.39,19.53,30.09,72.94,116.37,18.07,94.67,104.39,74.34,84.35,65.20,5.82,107.43,68.34,35.08,96.59,78.34,28.87,22.74,70.54,90.80,108.08,48.27,90.15,84.31,103.10,65.99,65.42,63.06,77.83,9.62,77.30,91.79,55.60,56.62,48.58,14.60,70.99,29.24,90.13,60.36,87.42,72.96,46.44,88.57,108.32,39.83,78.87,71.28,79.01,11.58,16.90,84.70,56.46,43.66,46.09,74.61,46.03,52.98,71.40,89.01,68.72,54.47,39.87,68.35,28.17
64.82,47.02,85.21,46.93,48.93,47.16,60.36,73.82,32.73,37.46,11.21,62.81,37.51,52.79,40.60,32.31,17.91,60.73,32.40,43.41,87.47,70.83,40.48,41.45,41.10,21.02,79.41,56.70,22.15,88.95,69.26,0.00,26.13,6.80,36.95,79.52,42.34,79.93,53.48,53.41,47.00,47.21,69.01,90.86,28.23,66.96,45.51,76.16,34.28,32.83,85.62,68.24,57.46,8.43,93.87,44.15,21.40,48.11,53.24,42.67,49.89,45.29,46.73,57.60,72.61,20.56,89.10,43.27,15.66,50.55,63.73,30.86,50.52,34.30,51.93,27.87,15.45,73.19,54.96,48.86,37.43,15.59,64.46,10.02,65.44,52.51,69.27,15.87,44.60,23.66,18.40,26.99,27.62,38.46,93.30,26.31,76.25,30.91,79.99,52.80
49.56,21.05,78.38,60.80,46.71,31.64,40.97,47.78,29.23,16.24,35.03,36.68,18.42,27.31,63.88,21.17,44.04,38.64,29.26,20.94,78.84,68.04,14.81,60.51,60.02,7.90,63.20,48.21,7.66,63.50,66.12,26.13,0.00,20.50,39.27,69.91,48.35,54.97,51.05,48.08,29.79,38.28,43.21,65.33,2.36,61.95,42.12,51.62,34.89,33.12,60.38,54.32,47.32,34.40,67.97,43.64,25.11,27.37,28.55,37.52,24.19,19.54,21.46,31.53,65.91,46.68,63.01,62.20,17.36,29.97,55.72,55.38,58.49,24.20,27.44,22.97,41.43,53.65,31.18,42.37,26.46,20.31,38.74,28.55,58.36,50.04,43.21,33.77,27.34,32.60,44.42,21.56,45.63,62.39,67.50,2.60,54.74,38.97,55.78,60.51
63.27,41.55,86.16,52.25,50.46,40.48,57.55,68.24,33.18,33.60,17.87,57.01,34.21,46.49,47.38,30.70,24.10,57.06,26.68,39.37,87.97,72.64,34.34,47.70,47.33,16.85,77.74,56.81,15.65,83.91,70.96,6.80,20.50,0.00,39.20,79.69,45.73,75.17,48.54,54.27,40.24,41.12,63.70,85.76,22.75,68.16,40.22,71.61,35.94,27.76,80.71,67.10,57.15,15.06,88.47,39.36,22.73,41.32,46.74,37.01,44.64,39.99,41.71,51.62,73.45,26.79,83.43,49.52,14.74,47.22,64.11,37.65,54.58,27.79,47.29,21.64,21.97,70.46,48.32,43.13,36.22,9.58,59.21,9.31,66.09,54.07,63.26,21.16,42.06,26.88,24.85,26.36,33.46,45.26,87.99,20.29,72.89,34.38,75.60,56.84
38.00,49.17,48.99,26.65,12.61,70.82,41.09,70.98,10.87,33.43,32.97,63.89,30.33,61.16,44.97,20.76,44.88,46.48,63.78,37.29,51.99,33.90,50.50,33.85,33.28,32.12,51.39,23.89,43.24,79.83,32.39,36.95,39.27,39.20,0.00,45.01,9.66,69.70,86.44,18.47,69.06,76.07,64.74,82.03,39.20,30.64,77.66,64.97,4.47,66.01,75.86,39.02,26.18,38.28,87.22,77.68,16.62,66.20,64.04,73.70,49.45,46.78,45.70,61.44,36.76,46.09,85.38,34.83,25.70,37.15,29.38,42.85,19.81,61.58,46.47,57.66,41.30,51.11,67.73,79.37,19.16,47.77,60.45,46.81,30.27,15.99,71.42,24.43,29.09,13.75,43.28,17.78,24.41,45.71,85.92,41.67,57.31,8.84,67.13,21.62
23.94,65.20,11.34,61.06,32.53,98.38,37.00,71.60,46.80,55.01,77.63,71.76,52.00,77.63,86.85,49.96,89.79,45.18,99.02,53.39,9.12,20.11,72.95,73.39,72.90,66.20,21.47,22.88,76.82,69.44,19.53,79.52,69.91,79.69,45.01,0.00,46.08,61.22,120.92,26.65,95.59,107.43,66.02,71.40,68.41,16.46,112.01,57.10,46.10,102.54,65.83,18.45,22.80,82.54,78.14,113.47,58.18,89.97,81.81,107.37,62.72,63.55,60.67,73.28,10.11,91.08,80.52,73.62,64.95,45.14,15.86,86.94,47.67,93.95,56.20,92.65,86.18,33.72,86.21,111.91,44.24,86.18,63.95,88.56,14.77,29.58,77.72,69.22,43.39,58.33,88.25,53.35,68.44,88.38,76.20,72.45,41.47,53.64,55.97,46.94
43.94,58.83,47.81,18.27,14.94,79.70,48.97,80.25,20.52,43.08,36.02,73.43,39.96,70.80,40.91,30.41,46.74,55.02,71.39,46.85,51.77,31.16,60.04,28.07,27.53,40.92,56.15,28.09,51.73,88.35,30.09,42.34,48.35,45.73,9.66,46.08,0.00,78.24,93.90,21.58,78.07,84.31,73.97,90.57,48.45,30.13,85.26,73.46,14.06,73.23,84.36,43.89,31.10,41.86,95.97,84.91,24.29,75.50,73.65,81.51,59.05,56.43,55.32,71.08,36.69,47.43,94.44,28.65,33.52,46.15,31.65,41.10,10.22,69.86,55.89,65.46,43.38,57.88,77.30,87.34,28.61,54.84,69.75,52.35,31.57,16.87,80.96,27.67,38.22,18.87,44.82,27.11,22.89,42.32,94.59,50.67,64.62,11.43,75.33,12.17
40.25,34.57,72.54,96.26,65.84,64.26,29.91,15.16,60.84,43.03,86.31,24.33,44.08,37.74,111.02,53.05,97.34,23.23,76.97,37.05,68.74,74.70,44.39,102.59,102.02,58.91,40.75,55.28,61.70,10.13,72.94,79.93,54.97,75.17,69.70,61.22,78.24,0.00,91.88,61.10,60.96,76.34,14.22,12.33,52.63,67.14,84.71,4.81,66.42,81.75,6.17,44.48,51.81,87.54,18.08,88.44,67.74,53.65,41.26,80.09,30.99,35.60,33.52,30.05,65.67,99.81,19.29,103.83,66.19,32.96,58.45,105.04,86.73,68.80,28.00,72.39,94.23,27.52,44.44,81.56,51.48,74.72,17.36,83.52,61.38,66.60,24.88,81.54,41.07,74.16,97.21,59.39,89.83,110.61,16.50,55.90,19.88,76.05,5.69,87.65
99.75,61.18,129.38,100.41,96.22,27.63,89.40,78.49,78.22,66.27,63.75,67.60,69.04,54.17,89.59,71.78,62.05,84.58,22.69,69.25,129.88,118.22,50.97,94.03,93.75,55.80,112.47,99.18,44.54,96.74,116.37,53.48,51.05,48.54,86.44,120.92,93.90,91.88,0.00,98.54,30.93,15.55,77.66,97.74,52.52,112.58,8.96,90.57,82.59,20.77,95.21,104.80,98.36,58.40,96.98,9.39,69.91,38.23,50.65,13.56,64.89,61.66,64.78,61.84,116.84,64.09,89.54,95.82,60.75,78.57,106.71,78.90,103.04,27.02,71.19,28.97,62.59,100.99,47.88,10.32,77.32,39.13,74.94,44.44,109.28,99.74,69.20,69.30,77.88,75.20,64.12,70.39,80.98,86.60,97.55,48.49,99.71,82.71,95.18,105.30
23.22,50.30,31.90,39.13,6.65,78.99,31.20,66.19,21.10,36.18,51.00,61.96,32.71,63.26,62.14,26.92,63.14,38.76,76.02,37.26,34.11,20.02,55.17,49.63,49.09,42.75,34.60,6.69,54.02,70.99,18.07,53.41,48.08,54.27,18.47,26.65,21.58,61.10,98.54,0.00,76.63,86.36,59.87,73.19,47.13,14.09,89.59,56.31,19.50,79.01,66.98,22.44,10.05,55.98,79.18,90.40,32.02,72.25,66.93,85.20,49.16,48.11,45.97,61.26,19.22,64.46,78.93,50.22,39.62,32.53,10.91,61.05,27.09,72.15,44.08,69.64,59.53,37.69,71.12,90.34,21.76,61.63,56.29,62.79,12.09,5.66,69.16,42.58,26.47,31.69,61.62,28.49,42.50,63.27,77.58,50.68,45.07,27.23,57.34,27.48
72.81,31.83,105.18,89.49,76.02,3.32,61.22,47.68,58.92,40.99,58.10,36.68,44.31,23.30,87.60,50.22,62.60,55.35,21.59,42.23,104.70,96.64,22.69,87.22,86.80,37.19,84.29,75.65,27.18,65.95,94.67,47.00,29.79,40.24,69.06,95.59,78.07,60.96,30.93,76.63,0.00,15.41,46.74,67.03,30.04,90.04,24.26,59.75,64.67,25.84,64.32,78.18,74.08,54.87,66.69,28.54,54.34,7.31,19.73,20.06,35.28,32.85,35.97,30.93,93.21,65.23,59.51,89.01,45.62,51.03,82.93,77.68,88.16,14.31,41.93,21.31,61.33,71.86,17.22,20.62,54.92,32.26,44.11,42.58,85.83,79.20,38.62,59.98,52.35,61.45,63.91,51.33,72.47,85.39,67.12,27.41,69.74,68.29,64.35,90.22
85.55,45.97,116.39,93.16,84.75,12.15,74.69,63.07,66.91,52.44,58.29,52.08,55.44,38.62,86.53,59.44,59.67,69.50,15.15,54.84,116.49,106.30,35.97,88.66,88.30,44.23,97.82,86.33,32.89,81.33,104.39,47.21,38.28,41.12,76.07,107.43,84.31,76.34,15.55,86.36,15.41,0.00,62.12,82.38,39.38,100.23,9.46,75.03,71.94,16.95,79.73,90.74,85.20,53.80,81.85,14.22,60.03,22.70,35.14,6.78,49.63,46.61,49.76,46.29,104.05,62.08,74.54,90.47,50.80,64.04,93.80,76.04,93.98,14.49,56.06,19.50,59.29,85.98,32.51,5.22,64.72,31.65,59.39,39.97,96.52,88.15,53.90,62.24,64.08,66.25,61.41,59.04,74.57,83.89,82.35,35.68,84.41,73.60,79.63,96.17
42.73,22.18,77.27,91.29,63.45,50.04,30.07,6.35,54.76,34.00,76.49,10.13,35.96,23.55,102.96,45.76,86.79,21.69,63.17,28.48,74.40,76.25,31.15,95.94,95.38,48.26,47.72,55.04,49.34,20.64,74.34,69.01,43.21,63.70,64.74,66.02,73.97,14.22,77.66,59.87,46.74,62.12,0.00,22.29,40.95,68.57,70.54,13.68,60.91,67.98,18.12,47.87,51.85,77.00,24.87,74.33,59.64,39.43,27.04,65.95,19.13,23.73,22.44,15.85,68.46,89.36,21.01,97.34,56.51,27.99,59.80,96.05,83.30,54.92,18.75,58.86,83.90,33.59,30.29,67.34,45.65,62.20,4.64,71.55,62.93,64.95,12.46,72.73,35.75,66.71,86.90,51.65,82.27,102.18,24.30,43.75,27.90,69.84,18.10,84.55
51.75,44.39,82.58,108.59,78.07,70.24,42.09,19.43,73.08,54.58,97.77,31.09,55.90,44.69,123.04,65.10,108.49,35.57,84.91,48.68,78.33,86.05,53.40,114.83,114.26,69.92,50.24,67.24,71.61,2.21,84.35,90.86,65.33,85.76,82.03,71.40,90.57,12.33,97.74,73.19,67.03,82.38,22.29,0.00,63.03,78.58,91.24,17.11,78.72,89.73,6.23,55.59,63.74,98.68,6.80,95.31,79.68,59.85,47.51,86.83,41.13,45.79,44.13,37.19,76.66,111.01,12.22,116.08,77.65,45.19,70.00,116.81,99.01,76.57,39.26,80.89,105.48,38.15,49.88,87.53,63.72,84.49,26.61,93.77,72.84,78.74,28.56,93.33,53.32,86.24,108.48,71.37,101.92,122.54,4.81,65.97,30.13,88.31,16.03,99.91
47.71,18.83,77.08,61.46,46.07,32.10,38.84,45.60,28.89,14.22,36.84,34.61,16.63,25.73,65.44,20.33,46.13,36.35,31.02,18.70,77.39,67.14,13.29,61.65,61.15,8.95,61.21,46.96,9.88,61.20,65.20,28.23,2.36,22.75,39.20,68.41,48.45,52.63,52.52,47.13,30.04,39.38,40.95,63.03,0.00,60.89,43.62,49.27,34.77,35.02,58.06,52.55,45.93,36.44,65.75,45.33,25.72,27.06,27.24,38.96,21.90,17.25,19.11,29.59,64.68,48.76,60.87,63.32,18.53,27.81,54.45,57.13,58.63,25.55,25.07,24.81,43.45,51.47,30.12,43.62,25.40,22.65,36.46,30.89,57.15,49.32,41.26,35.16,25.54,33.32,46.45,21.42,46.81,64.04,65.25,4.24,52.44,39.43,53.42,60.61
26.89,62.25,18.36,44.60,18.12,92.50,38.56,74.70,35.08,49.18,63.60,72.20,45.78,75.21,70.61,40.86,75.38,46.89,90.08,49.37,21.69,7.68,68.12,57.02,56.53,56.81,32.64,14.67,68.04,76.46,5.82,66.96,61.95,68.16,30.64,16.46,30.13,67.14,112.58,14.09,90.04,100.23,68.57,78.58,60.89,0.00,103.63,62.53,32.70,93.10,72.55,23.20,17.15,68.90,85.01,104.48,45.68,85.32,79.09,99.21,60.61,60.21,57.77,72.34,6.59,76.44,85.97,57.20,53.59,43.07,8.79,71.21,31.21,86.09,54.85,83.71,71.84,40.74,83.39,104.28,35.50,75.68,65.55,76.51,5.76,14.65,79.02,55.05,38.50,44.37,73.68,42.57,52.87,72.26,83.23,64.55,48.76,38.78,62.57,30.53
90.99,53.04,120.43,92.36,87.32,21.16,80.84,71.85,69.32,57.45,56.11,60.62,60.18,47.00,82.96,62.83,55.56,76.27,13.89,60.60,120.96,109.29,42.70,86.55,86.25,46.86,103.85,90.23,35.59,90.12,107.43,45.51,42.12,40.22,77.66,112.01,85.26,84.71,8.96,89.59,24.26,9.46,70.54,91.24,43.62,103.63,0.00,83.13,73.77,12.72,88.36,96.00,89.43,51.02,90.94,4.87,61.17,31.39,43.78,4.83,56.81,53.38,56.48,54.69,107.89,57.77,83.72,88.36,51.98,69.94,97.76,72.31,94.53,18.21,62.96,20.07,55.73,92.61,41.48,5.70,68.36,30.69,67.55,36.96,100.33,90.83,62.88,61.21,69.04,66.66,57.51,61.48,73.12,80.11,91.38,39.57,91.62,74.15,87.73,96.77
35.66,31.76,68.43,91.50,61.03,63.07,25.11,16.57,56.22,38.99,82.23,23.63,39.85,36.45,106.55,48.61,93.43,18.49,74.76,32.99,64.82,70.12,41.90,97.96,97.39,55.15,37.03,50.52,58.57,14.90,68.34,76.16,51.62,71.61,64.97,57.10,73.46,4.81,90.57,56.31,59.75,75.03,13.68,17.11,49.27,62.53,83.13,0.00,61.73,79.52,10.90,40.04,47.06,83.64,22.87,86.69,63.36,52.47,40.25,78.44,28.04,32.53,30.21,28.89,61.22,95.86,23.57,99.18,62.14,28.38,53.81,100.75,81.92,66.73,24.31,69.93,90.26,23.41,43.74,80.25,46.87,71.61,15.64,80.13,56.77,61.80,25.63,77.25,36.45,69.67,93.23,54.99,85.32,106.20,21.30,52.71,16.16,71.41,4.61,82.85
36.66,44.85,51.00,30.38,14.66,66.48,38.42,67.12,6.49,29.11,31.54,59.74,26.08,56.75,46.60,16.38,43.79,43.28,59.90,33.17,53.57,36.72,46.03,36.41,35.83,27.84,50.57,24.00,39.06,76.53,35.08,34.28,34.89,35.94,4.47,46.10,14.06,66.42,82.59,19.50,64.67,71.94,60.91,78.72,34.77,32.70,73.77,61.73,0.00,62.29,72.59,38.30,25.77,36.48,83.76,73.93,13.21,61.75,59.60,69.72,45.23,42.45,41.46,57.16,38.50,45.23,81.67,37.54,21.95,33.62,30.27,43.48,24.25,57.44,42.48,53.72,40.16,49.10,63.27,75.33,15.27,44.19,56.56,43.94,31.58,18.25,67.28,23.21,25.50,12.32,42.37,13.36,25.48,47.04,82.51,37.31,54.90,10.04,64.09,26.08
82.69,48.06,110.38,79.73,76.25,23.78,73.63,70.38,58.29,49.24,43.39,58.64,51.54,45.11,70.49,52.71,43.25,70.13,4.81,53.26,111.33,98.39,37.68,73.83,73.52,36.45,96.22,80.23,25.80,88.34,96.59,32.83,33.12,27.76,66.01,102.54,73.23,81.75,20.77,79.01,25.84,16.95,67.98,89.73,35.02,93.10,12.72,79.52,62.29,0.00,86.09,87.42,79.77,38.32,90.38,11.68,49.41,31.55,42.82,10.76,51.89,47.85,50.75,52.54,97.72,45.56,83.69,75.64,40.35,62.58,87.77,59.88,82.29,13.18,57.34,10.24,43.21,85.99,41.73,16.79,58.39,18.40,64.39,24.26,90.17,79.81,62.34,48.59,60.46,54.48,45.12,50.58,60.43,67.71,90.53,30.79,86.01,61.99,84.05,84.55
45.68,39.67,77.08,102.40,71.83,67.59,35.86,16.90,67.01,48.96,92.22,27.75,50.12,41.42,117.14,59.17,103.14,29.38,81.28,43.00,73.00,80.06,49.14,108.76,108.19,64.62,44.89,61.06,66.92,4.02,78.34,85.62,60.38,80.71,75.86,65.83,84.36,6.17,95.21,66.98,64.32,79.73,18.12,6.23,58.06,72.55,88.36,10.90,72.59,86.09,0.00,49.66,57.56,93.33,12.47,92.26,73.83,57.05,44.61,83.83,36.24,40.89,39.01,33.76,70.78,105.63,15.47,110.00,72.10,39.12,63.94,111.08,92.78,73.02,33.77,76.96,100.06,32.33,47.41,84.93,57.65,79.89,22.01,88.92,66.80,72.52,26.68,87.58,47.23,80.29,103.05,65.49,95.97,116.70,10.69,61.18,24.39,82.22,10.00,93.68
5.53,47.18,29.50,61.56,28.98,81.10,18.55,53.63,36.51,38.54,68.70,53.32,35.93,59.39,83.86,36.41,81.16,26.76,83.56,36.01,27.34,30.50,55.49,71.84,71.29,51.93,12.38,15.81,61.67,53.50,28.87,68.24,54.32,67.10,39.02,18.45,43.89,44.48,104.80,22.44,78.18,90.74,47.87,55.59,52.55,23.20,96.00,40.04,38.30,87.42,49.66,0.00,12.91,72.76,62.13,97.88,47.88,72.26,63.61,91.26,44.52,45.67,42.70,54.85,21.18,82.88,63.61,72.51,52.77,27.23,15.11,81.70,49.27,77.80,37.91,77.29,77.53,17.57,68.00,95.42,30.92,72.31,45.61,76.33,17.57,27.80,59.38,60.91,27.01,50.29,79.99,41.25,63.40,84.72,60.30,56.74,25.61,47.74,39.66,49.40
13.16,45.30,31.20,48.99,16.29,76.71,22.21,58.07,24.89,33.10,56.82,55.09,29.87,58.22,70.96,27.16,69.23,30.28,76.31,32.59,31.58,24.71,51.76,58.96,58.41,43.40,25.29,3.52,54.09,61.56,22.74,57.46,47.32,57.15,26.18,22.80,31.10,51.81,98.36,10.05,74.08,85.20,51.85,63.74,45.93,17.15,89.43,47.06,25.77,79.77,57.56,12.91,0.00,61.24,69.88,90.77,36.42,68.96,62.17,84.83,43.52,43.33,40.79,55.20,19.17,70.82,70.10,59.67,42.47,25.92,8.95,68.97,37.14,71.47,37.70,69.92,65.59,27.66,66.50,89.54,21.44,63.41,48.63,66.16,12.03,15.68,61.99,48.76,21.86,37.98,67.93,30.80,50.59,71.84,68.22,49.88,35.14,34.95,47.78,37.53
69.80,55.14,87.26,43.09,50.79,54.81,66.55,81.94,36.39,44.70,6.02,71.05,44.36,61.21,32.94,37.95,9.81,67.61,38.70,50.70,90.03,71.95,48.87,35.63,35.35,28.77,84.38,60.05,30.57,96.73,70.54,8.43,34.40,15.06,38.28,82.54,41.86,87.54,58.40,55.98,54.87,53.80,77.00,98.68,36.44,68.90,51.02,83.64,36.48,38.32,93.33,72.76,61.24,0.00,101.87,49.01,24.90,56.32,61.67,48.71,57.89,53.34,54.62,65.92,74.90,12.35,97.26,37.43,21.83,57.24,66.68,22.82,48.79,41.67,59.56,34.92,7.04,79.20,63.35,54.90,42.56,22.80,72.42,14.06,68.06,54.25,77.60,14.21,50.73,24.53,10.02,32.01,23.30,30.56,101.24,34.70,82.79,30.85,87.34,51.05
58.13,46.93,89.34,113.85,83.85,69.80,47.98,20.44,77.94,58.46,101.31,32.21,60.08,45.33,127.32,69.57,111.66,41.00,85.59,52.70,85.12,92.52,55.18,119.60,119.04,73.12,57.02,73.36,73.83,8.70,90.80,93.87,67.97,88.47,87.22,78.14,95.97,18.08,96.98,79.18,66.69,81.85,24.87,6.80,65.75,85.01,90.94,22.87,83.76,90.38,12.47,62.13,69.88,101.87,0.00,95.19,83.91,59.69,47.65,86.70,43.99,48.58,47.29,38.22,83.24,114.22,7.86,120.91,81.27,50.14,76.38,120.71,104.64,77.20,43.05,81.98,108.76,44.77,49.48,86.92,68.61,86.50,29.47,96.13,79.26,84.67,28.15,97.30,58.27,90.71,111.77,75.72,106.37,126.68,2.06,68.38,36.78,93.17,22.47,105.62
92.98,56.12,121.59,91.08,87.80,25.56,83.26,75.89,69.81,59.40,54.36,64.51,61.96,50.84,80.35,63.88,52.83,79.06,14.47,62.91,122.35,109.90,45.69,84.64,84.36,47.70,106.15,91.39,36.69,94.13,108.08,44.15,43.64,39.36,77.68,113.47,84.91,88.44,9.39,90.40,28.54,14.22,74.33,95.31,45.33,104.48,4.87,86.69,73.93,11.68,92.26,97.88,90.77,49.01,95.19,0.00,61.08,35.52,47.80,8.49,59.92,56.28,59.33,58.52,108.96,54.92,88.05,86.44,52.00,72.28,98.93,69.67,93.93,20.61,65.88,20.86,53.27,95.27,45.72,10.49,69.50,30.07,71.19,35.05,101.40,91.35,67.08,59.99,70.87,66.14,54.87,62.05,71.61,77.40,95.58,41.17,94.62,73.65,91.29,96.19
45.07,40.24,63.86,35.74,27.79,55.75,43.17,65.44,11.53,25.67,21.01,56.30,23.83,50.46,43.41,14.85,33.44,45.78,47.29,31.23,66.08,49.92,38.53,36.91,36.38,17.28,59.60,35.43,27.56,77.57,48.27,21.40,25.11,22.73,16.62,58.18,24.29,67.74,69.91,32.02,54.34,60.03,59.64,79.68,25.72,45.68,61.17,63.36,13.21,49.41,73.83,47.88,36.42,24.90,83.91,61.08,0.00,52.46,52.58,57.31,41.71,37.94,37.93,52.56,51.23,35.34,80.64,38.47,9.25,35.29,42.36,37.48,34.06,45.58,40.95,41.25,29.84,55.36,55.73,63.09,18.29,31.15,55.04,30.84,44.05,31.40,63.67,14.18,27.74,7.68,32.46,8.41,22.68,42.87,82.93,27.17,59.81,13.96,66.48,36.21
66.82,25.34,99.85,88.09,72.17,10.62,54.88,40.47,55.70,36.15,58.88,29.38,39.58,16.01,88.50,46.50,64.71,48.66,26.96,36.61,99.09,92.15,17.21,86.94,86.48,35.19,77.83,70.76,26.69,58.73,90.15,48.11,27.37,41.32,66.20,89.97,75.50,53.65,38.23,72.25,7.31,22.70,39.43,59.85,27.06,85.32,31.39,52.47,61.75,31.55,57.05,72.26,68.96,56.32,59.69,35.52,52.46,0.00,12.44,27.03,28.59,26.62,29.67,23.63,88.13,67.39,52.64,88.69,44.29,45.03,77.89,78.97,85.69,18.83,35.33,25.18,63.07,65.13,10.29,27.92,50.76,34.51,36.83,45.13,80.86,75.20,31.56,59.72,47.11,59.88,65.81,48.44,72.06,86.52,60.06,25.33,62.73,66.34,57.06,87.67
58.09,16.86,92.22,88.12,67.95,23.02,45.47,28.09,53.19,31.26,63.15,16.95,34.70,4.30,92.34,43.38,70.82,38.41,38.06,29.76,90.86,86.32,14.06,88.88,88.38,36.19,67.85,64.42,31.11,46.34,84.31,53.24,28.55,46.74,64.04,81.81,73.65,41.26,50.65,66.93,19.73,35.14,27.04,47.51,27.24,79.09,43.78,40.25,59.60,42.82,44.61,63.61,62.17,61.67,47.65,47.80,52.58,12.44,0.00,39.33,19.10,18.89,21.40,11.36,81.13,73.52,40.87,90.55,45.77,36.77,71.10,83.55,83.85,29.67,25.73,35.00,68.67,54.56,4.39,40.35,46.54,41.90,24.67,52.40,74.19,70.62,19.53,62.31,40.65,60.26,71.57,46.86,74.06,90.74,47.91,27.44,51.40,65.83,44.82,85.64
86.22,48.23,115.89,89.25,83.09,17.13,76.02,67.42,65.11,52.71,53.53,56.08,55.48,42.43,81.13,58.37,53.97,71.44,10.33,55.79,116.34,104.97,37.88,84.00,83.67,42.53,99.04,85.70,31.19,85.67,103.10,42.67,37.52,37.01,73.70,107.37,81.51,80.09,13.56,85.20,20.06,6.78,65.95,86.83,38.96,99.21,4.83,78.44,69.72,10.76,83.83,91.26,84.83,48.71,86.70,8.49,57.31,27.03,39.33,0.00,52.00,48.55,51.64,50.12,103.38,56.30,79.57,85.81,48.08,65.13,93.22,70.55,90.93,13.46,58.13,16.06,53.84,87.77,37.23,6.20,63.86,27.42,62.89,34.69,95.82,86.58,58.58,58.14,64.32,63.05,55.81,57.25,70.26,78.38,87.09,34.95,86.80,70.51,83.04,93.15
39.00,3.83,73.19,75.29,51.07,38.48,26.51,24.21,38.78,16.37,57.52,14.67,19.16,14.92,84.61,29.06,67.67,20.08,47.21,12.33,71.76,67.99,14.28,78.53,77.99,29.17,49.28,46.00,30.72,39.31,65.99,49.89,24.19,44.64,49.45,62.72,59.05,30.99,64.89,49.16,35.28,49.63,19.13,41.13,21.90,60.61,56.81,28.04,45.23,51.89,36.24,44.52,43.52,57.89,43.99,59.92,41.71,28.59,19.10,52.00,0.00,4.66,3.82,12.22,62.29,70.24,39.58,80.03,37.68,17.78,52.39,77.29,68.97,39.48,6.77,42.08,64.80,36.58,23.49,54.74,30.57,43.73,14.58,52.69,55.52,53.37,22.16,54.18,22.71,49.11,67.80,34.23,64.37,83.65,43.41,24.95,34.83,53.18,32.44,70.52
40.22,2.40,73.70,72.17,49.44,35.93,28.37,28.64,35.96,13.35,53.10,18.44,16.54,15.15,80.51,26.10,63.10,22.92,43.23,10.88,72.65,67.43,10.69,74.85,74.31,24.69,51.45,45.54,26.10,43.97,65.42,45.29,19.54,39.99,46.78,63.55,56.43,35.60,61.66,48.11,32.85,46.61,23.73,45.79,17.25,60.21,53.38,32.53,42.45,47.85,40.89,45.67,43.33,53.34,48.58,56.28,37.94,26.62,18.89,48.55,4.66,0.00,3.15,14.80,62.38,65.69,44.00,76.38,33.41,18.45,52.28,73.00,66.48,35.72,9.60,37.91,60.27,39.37,23.18,51.64,28.35,39.13,19.22,48.03,55.36,51.97,25.73,50.03,21.76,45.46,63.28,30.80,60.52,79.47,48.03,20.31,38.34,49.93,36.87,68.13
37.22,4.55,70.92,71.48,47.64,39.07,25.25,27.78,35.00,12.55,54.06,18.49,15.38,17.44,80.92,25.25,64.42,19.80,46.17,8.81,69.76,65.07,13.81,74.73,74.18,25.85,48.32,43.11,28.38,42.24,63.06,46.73,21.46,41.71,45.70,60.67,55.32,33.52,64.78,45.97,35.97,49.76,22.44,44.13,19.11,57.77,56.48,30.21,41.46,50.75,39.01,42.70,40.79,54.62,47.29,59.33,37.93,29.67,21.40,51.64,3.82,3.15,0.00,15.81,59.74,66.97,43.14,76.22,34.12,15.53,49.71,73.71,65.27,38.75,6.59,40.74,61.48,36.23,25.75,54.77,26.91,41.42,17.82,50.00,52.81,50.03,25.98,50.52,19.51,45.31,64.49,30.41,60.60,80.00,46.63,22.50,35.32,49.37,34.45,66.85
49.34,12.42,84.06,86.96,63.29,34.25,36.34,17.91,50.68,28.07,66.41,6.10,31.12,7.70,94.60,40.84,75.51,28.60,47.72,24.54,82.18,79.82,17.38,89.47,88.94,38.10,57.85,57.84,36.32,35.83,77.83,57.60,31.53,51.62,61.44,73.28,71.08,30.05,61.84,61.26,30.93,46.29,15.85,37.19,29.59,72.34,54.69,28.89,57.16,52.54,33.76,54.85,55.20,65.92,38.22,58.52,52.56,23.63,11.36,50.12,12.22,14.80,15.81,0.00,73.65,78.16,32.24,91.03,47.34,29.27,63.95,86.63,81.06,39.39,17.50,43.81,72.95,44.19,15.07,51.52,42.72,48.59,13.32,58.58,67.11,65.56,11.68,64.12,34.87,60.14,75.94,45.58,75.00,93.38,38.19,31.34,40.44,64.72,33.47,82.65
25.83,64.28,12.72,51.07,24.16,95.81,38.46,74.41,40.27,52.22,69.71,72.96,48.94,77.12,77.20,45.09,81.62,46.89,94.51,51.70,15.26,10.55,70.92,63.58,63.10,61.28,28.61,17.72,72.34,74.59,9.62,72.61,65.91,73.45,36.76,10.11,36.69,65.67,116.84,19.22,93.21,104.05,68.46,76.66,64.68,6.59,107.89,61.22,38.50,97.72,70.78,21.18,19.17,74.90,83.24,108.96,51.23,88.13,81.13,103.38,62.29,62.38,59.74,73.65,0.00,82.74,84.79,63.74,58.77,44.53,10.29,77.76,37.65,90.12,56.18,88.12,78.05,38.51,85.49,108.27,39.53,80.63,65.80,82.01,7.56,20.85,79.48,61.19,41.02,50.42,79.96,47.47,59.38,78.85,81.39,68.51,46.56,45.09,60.79,36.87
80.35,67.48,94.67,43.71,58.66,64.79,78.05,94.28,46.41,56.88,14.34,83.36,56.36,73.26,25.62,49.35,2.70,79.55,47.01,62.88,98.00,78.50,61.01,33.04,32.96,41.12,94.81,69.22,42.44,109.05,77.30,20.56,46.68,26.79,46.09,91.08,47.43,99.81,64.09,64.46,65.23,62.08,89.36,111.01,48.76,76.44,57.77,95.86,45.23,45.56,105.63,82.88,70.82,12.35,114.22,54.92,35.34,67.39,73.52,56.30,70.24,65.69,66.97,78.16,82.74,0.00,109.60,34.65,33.81,69.11,75.35,14.98,52.35,51.40,71.85,44.38,5.64,90.52,74.97,62.34,53.54,33.02,84.77,22.70,76.36,61.90,89.83,22.05,62.29,32.91,2.89,43.14,25.34,22.53,113.59,46.86,94.47,37.67,99.49,54.48
