0.00,45.23,49.16,69.20,97.99,51.02,63.96,89.08,15.77,54.94,40.52,89.58,2.48,64.13,27.11,86.42,74.18,36.60,41.55,72.73,80.52,55.29,97.11,123.16,30.75,79.55,77.26,80.84,79.73,53.17
45.23,0.00,42.15,40.28,53.50,36.11,32.75,45.71,34.06,12.02,29.81,48.46,44.87,19.16,37.20,44.74,37.31,26.42,6.37,57.59,35.55,44.45,59.04,79.03,23.85,46.81,46.48,41.39,54.17,33.93
49.16,42.15,0.00,27.94,72.34,74.69,27.54,81.14,51.68,53.06,13.08,86.60,50.88,54.94,63.09,55.50,39.57,60.56,36.11,23.57,67.64,6.29,58.65,93.21,54.37,88.74,88.59,81.36,33.31,12.70
69.20,40.28,27.94,0.00,46.93,76.33,7.56,63.66,65.77,46.22,29.33,71.11,70.24,42.52,73.84,29.23,13.66,65.91,37.15,23.35,49.51,23.56,30.78,65.76,61.70,79.75,80.83,68.58,13.95,17.12
97.99,53.50,72.34,46.93,0.00,77.04,44.90,32.55,87.54,47.52,67.49,41.82,97.92,37.07,88.97,17.81,33.43,75.67,56.45,69.04,25.11,69.45,28.73,25.62,75.75,60.91,63.99,45.94,53.53,59.68
51.02,36.11,74.69,76.33,77.04,0.00,68.77,53.10,35.38,32.44,61.61,49.05,49.06,41.48,25.09,74.90,71.75,15.58,40.36,93.04,52.42,78.35,91.31,101.62,22.49,31.85,28.62,39.64,90.25,68.96
63.96,32.75,27.54,7.56,44.90,68.77,0.00,58.09,59.39,38.76,25.49,65.10,64.81,35.58,66.90,27.98,12.17,58.54,29.85,29.05,43.98,24.65,33.70,65.92,54.53,72.70,73.65,62.00,21.51,15.08
89.08,45.71,81.14,63.66,32.55,53.10,58.09,0.00,75.18,34.41,71.57,9.31,88.20,27.27,71.92,42.13,51.26,57.63,51.42,86.90,14.15,80.73,58.37,52.25,60.53,29.51,33.03,14.93,74.96,69.27
15.77,34.06,51.68,65.77,87.54,35.38,59.39,75.18,0.00,41.89,40.19,74.92,14.06,51.82,13.04,78.05,67.90,20.84,32.18,74.34,67.90,57.14,90.75,113.09,15.28,63.90,61.54,65.94,78.00,51.85
54.94,12.02,53.06,46.22,47.52,32.44,38.76,34.41,41.89,0.00,41.26,36.53,54.23,10.46,41.55,42.73,39.73,28.18,18.31,66.13,26.02,54.67,58.89,73.05,28.57,35.75,35.92,29.37,60.08,43.53
40.52,29.81,13.08,29.33,67.49,61.61,25.49,71.57,40.19,41.26,0.00,76.19,41.82,44.58,50.86,52.16,37.27,47.55,23.56,34.20,58.76,17.38,59.12,90.41,41.48,76.61,76.25,70.23,39.21,12.68
89.58,48.46,86.60,71.11,41.82,49.05,65.10,9.31,74.92,36.53,76.19,0.00,88.47,31.70,70.09,51.10,59.25,55.96,54.57,94.11,22.05,86.74,67.55,60.57,59.82,21.76,25.55,9.47,82.97,75.21
2.48,44.87,50.88,70.24,97.92,49.06,64.81,88.20,14.06,54.23,41.82,88.47,0.00,63.61,24.89,86.72,74.80,34.87,41.49,74.42,79.96,56.96,97.77,123.19,29.24,77.95,75.59,79.63,81.02,54.43
64.13,19.16,54.94,42.52,37.07,41.48,35.58,27.27,51.82,10.46,44.58,31.70,63.61,0.00,52.01,33.53,33.47,38.60,24.38,64.36,16.42,55.36,50.31,62.58,38.96,37.24,38.49,26.84,55.81,43.84
27.11,37.20,63.09,73.84,88.97,25.09,66.90,71.92,13.04,41.55,50.86,70.09,24.89,52.01,0.00,81.88,73.83,14.29,37.53,84.96,66.97,68.18,96.10,114.55,13.41,56.01,53.14,60.72,86.84,61.58
86.42,44.74,55.50,29.23,17.81,74.90,27.98,42.13,78.05,42.73,52.16,51.10,86.72,33.53,81.88,0.00,16.01,69.97,45.89,51.26,29.71,52.17,17.27,38.25,68.48,66.25,68.59,52.16,36.05,43.03
74.18,37.31,39.57,13.66,33.43,71.75,12.17,51.26,67.90,39.73,37.27,59.25,74.80,33.47,73.83,16.01,0.00,63.73,36.34,36.70,37.27,36.17,22.99,53.75,60.79,70.21,71.78,57.82,23.73,27.24
36.60,26.42,60.56,65.91,75.67,15.58,58.54,57.63,20.84,28.18,47.55,55.96,34.87,38.60,14.29,69.97,63.73,0.00,28.77,80.33,53.00,64.72,85.13,101.14,6.92,43.20,40.73,46.66,79.54,56.24
41.55,6.37,36.11,37.15,56.45,40.36,29.85,51.42,32.18,18.31,23.56,54.57,41.49,24.38,37.53,45.89,36.34,28.77,0.00,52.71,40.50,38.77,58.89,81.71,24.76,53.10,52.68,47.69,50.78,28.71
72.73,57.59,23.57,23.35,69.04,93.04,29.05,86.90,74.34,66.13,34.20,94.11,74.42,64.36,84.96,51.26,36.70,80.33,52.71,0.00,72.75,17.47,47.18,84.81,74.81,101.16,101.82,90.98,16.98,24.13
80.52,35.55,67.64,49.51,25.11,52.42,43.98,14.15,67.90,26.02,58.76,22.05,79.96,16.42,66.97,29.71,37.27,53.00,40.50,72.75,0.00,66.92,46.71,49.21,54.37,37.01,39.71,22.52,60.99,55.54
55.29,44.45,6.29,23.56,69.45,78.35,24.65,80.73,57.14,54.67,17.38,86.74,56.96,55.36,68.18,52.17,36.17,64.72,38.77,17.47,66.92,0.00,53.84,89.30,58.79,90.40,90.52,82.10,27.35,11.54
97.11,59.04,58.65,30.78,28.73,91.31,33.70,58.37,90.75,58.89,59.12,67.55,97.77,50.31,96.10,17.27,22.99,85.13,58.89,47.18,46.71,53.84,0.00,37.84,82.85,83.47,85.84,69.23,30.22,47.66
123.16,79.03,93.21,65.76,25.62,101.62,65.92,52.25,113.09,73.05,90.41,60.57,123.19,62.58,114.55,38.25,53.75,101.14,81.71,84.81,49.21,89.30,37.84,0.00,101.37,81.77,85.27,67.05,67.93,80.99
30.75,23.85,54.37,61.70,75.75,22.49,54.53,60.53,15.28,28.57,41.48,59.82,29.24,38.96,13.41,68.48,60.79,6.92,24.76,74.81,54.37,58.79,82.85,101.37,0.00,48.81,46.62,50.75,75.07,50.87
79.55,46.81,88.74,79.75,60.91,31.85,72.70,29.51,63.90,35.75,76.61,21.76,77.95,37.24,56.01,66.25,70.21,43.20,53.10,101.16,37.01,90.40,83.47,81.77,48.81,0.00,3.92,14.99,93.02,79.20
77.26,46.48,88.59,80.83,63.99,28.62,73.65,33.03,61.54,35.92,76.25,25.55,75.59,38.49,53.14,68.59,71.78,40.73,52.68,101.82,39.71,90.52,85.84,85.27,46.62,3.92,0.00,18.26,94.27,79.45
80.84,41.39,81.36,68.58,45.94,39.64,62.00,14.93,65.94,29.37,70.23,9.47,79.63,26.84,60.72,52.16,57.82,46.66,47.69,90.98,22.52,82.10,69.23,67.05,50.75,14.99,18.26,0.00,81.24,70.61
79.73,54.17,33.31,13.95,53.53,90.25,21.51,74.96,78.00,60.08,39.21,82.97,81.02,55.81,86.84,36.05,23.73,79.54,50.78,16.98,60.99,27.35,30.22,67.93,75.07,93.02,94.27,81.24,0.00,26.60
53.17,33.93,12.70,17.12,59.68,68.96,15.08,69.27,51.85,43.53,12.68,75.21,54.43,43.84,61.58,43.03,27.24,56.24,28.71,24.13,55.54,11.54,47.66,80.99,50.87,79.20,79.45,70.61,26.60,0.00
